port, timestamp,snr,signal,noise,ms
C,1764407596.198,1,0
C,1764407596.785,1,-1439
G,1764407615,13.08,-16.76994,26.1
G,1764407675,13.080005,-16.769943333,26.3
C,1764407695.666,4,0
G,1764407735,13.080011667,-16.76994,31.8
p1,1764407760.7866,3.514,-50.76,-78.75,27.99
p1,1764407760.9038,3.511,-50.89,-76.49,25.59
p1,1764407761.0356,3.51,-50.83,-79.2,28.37
p1,1764407765.8643,4.691,-58.44,-65.45,6.05
p1,1764407765.8863,3.514,-49.25,-79.08,29.82
p1,1764407766.0036,3.51,-49.34,-75.25,25.9
p1,1764407766.1353,3.511,-49.34,-79.29,29.95
p1,1764407775.9638,3.499,-59.75,-79.65,19.85
p1,1764407775.9858,3.506,-59.6,-78.8,19.15
p1,1764407776.1028,3.504,-57.94,-79.6,21.63
p1,1764407776.2348,3.505,-56.78,-79.01,22.2
p1,1764407786.0630,3.403,-50.94,-76.65,25.7
p1,1764407786.0850,3.407,-50.89,-78.6,27.7
p1,1764407786.2023,3.41,-50.33,-79.37,29.04
p1,1764407786.3340,3.414,-49.77,-77.5,27.72
G,1764407795,13.08001,-16.76994,34.3
p1,1764407796.1625,3.489,-63.3,-79.84,16.44
p1,1764407796.1846,3.5,-63.15,-79.25,15.99
p1,1764407796.3018,3.489,-64.29,-79.91,15.5
p1,1764407796.4335,3.458,-70.61,-79.52,8.32
p1,1764407806.2620,3.45,-72.91,-79.89,6.014
G,1764407855,13.080008333,-16.76994,34.1
p1,1764407887.0575,3.455,-71.06,-79.8,8.114
p1,1764407887.0795,3.44,-71.53,-80.25,8.097
p1,1764407887.1967,3.454,-69.93,-79.66,9.233
p1,1764407887.3285,3.409,-70.18,-79.69,9.001
p1,1764407897.1570,3.426,-70.79,-79.16,7.686
p1,1764407897.1790,3.426,-71.68,-79.7,7.272
p1,1764407907.3955,3.427,-71.7,-79.99,7.585
p1,1764407907.5272,3.397,-69.43,-79.52,9.644
G,1764407915,13.080005,-16.76994,33.8
p1,1764407917.3557,3.421,-71.04,-79.94,8.296
p1,1764407917.3777,3.439,-70.86,-79.88,8.431
p1,1764407917.4950,3.395,-71.15,-80.05,8.295
p1,1764407917.6267,3.352,-70.79,-80.44,9.151
G,1764407975,13.08,-16.769941667,33.2
C,1764408016.005,5,0
G,1764408035,13.079996667,-16.769941667,32.6
C,1764408036.005,4,0
C,1764408076.006,5,0
G,1764408095,13.079991667,-16.769945,32.2
C,1764408096.006,4,0
C,1764408116.01,5,0
C,1764408136.005,4,0
G,1764408155,13.079988333,-16.769946667,31.7
C,1764408176.005,5,0
C,1764408196.005,4,0
C,1764408197.266,4,0
G,1764408215,13.079983333,-16.769946667,31.4
C,1764408236.005,5,0
C,1764408256.005,4,0
G,1764408275,13.079981667,-16.769945,31
C,1764408276.002,5,0
C,1764408296.005,4,0
G,1764408335,13.07998,-16.769945,30.6
C,1764408336.013,5,0
C,1764408356.005,4,0
G,1764408395,13.079978333,-16.769943333,30.3
C,1764408395.674,5,0
C,1764408415.674,4,0
C,1764408435.675,5,0
G,1764408455,13.079975,-16.76994,30
C,1764408455.677,4,0
C,1764408495.675,5,0
G,1764408515,13.079973333,-16.769938333,29.6
C,1764408515.677,4,0
C,1764408555.677,5,0
G,1764408575,13.07997,-16.769938333,29.1
C,1764408575.686,4,0
G,1764408635,13.079966667,-16.769938333,28.7
G,1764408695,13.079965,-16.769936667,28.4
C,1764408715.685,5,0
C,1764408735.686,4,0
G,1764408755,13.079961667,-16.769938333,28.1
C,1764408797.737,4,0
G,1764408815,13.079963333,-16.769936667,27.8
C,1764408815.687,5,0
C,1764408835.687,4,0
G,1764408875,13.079963333,-16.769935,27.5
C,1764408875.678,5,0
C,1764408895.686,4,0
G,1764408935,13.079963333,-16.769933333,27.1
C,1764408975.689,5,0
G,1764408995,13.079963333,-16.769935,26.7
C,1764408995.681,4,0
C,1764409035.688,5,0
G,1764409055,13.079961667,-16.769935,26.4
C,1764409055.689,4,0
G,1764409115,13.079963333,-16.769933333,26.1
G,1764409175,13.079963333,-16.769933333,25.7
C,1764409195.696,5,0
C,1764409215.689,4,0
G,1764409235,13.079963333,-16.769935,25.2
G,1764409295,13.079963333,-16.769933333,24.9
C,1764409296.006,5,0
C,1764409316.005,4,0
G,1764409355,13.079963333,-16.769935,24.5
C,1764409356.004,5,0
C,1764409376.005,4,0
C,1764409398.2,4,0
G,1764409415,13.079965,-16.769936667,24.1
C,1764409416.005,5,0
C,1764409436.005,4,0
C,1764409456.005,5,0
G,1764409475,13.079963333,-16.769938333,23.8
C,1764409476.002,4,0
C,1764409516.004,5,0
G,1764409535,13.079963333,-16.769938333,23.6
C,1764409536.005,4,0
C,1764409576.009,5,0
G,1764409595,13.07996,-16.769936667,23.4
C,1764409596.002,4,0
G,1764409655,13.07996,-16.769935,23.1
C,1764409676.005,5,0
C,1764409696.005,4,0
G,1764409715,13.07996,-16.769931667,22.8
C,1764409736.005,5,0
C,1764409756.004,4,0
G,1764409775,13.07996,-16.769928333,22.5
C,1764409776.005,5,0
C,1764409796.005,4,0
G,1764409835,13.079958333,-16.769926667,22.2
C,1764409836.002,5,0
C,1764409856.005,4,0
G,1764409895,13.079958333,-16.769926667,22.1
C,1764409896.006,5,0
C,1764409916.004,4,0
C,1764409936.006,5,0
G,1764409955,13.079963333,-16.769921667,21.9
C,1764409956.005,4,0
C,1764409996.006,5,0
C,1764409998.654,5,0
G,1764410015,13.079965,-16.769918333,21.8
C,1764410016.005,4,0
C,1764410056.006,5,0
G,1764410075,13.079966667,-16.769915,21.6
C,1764410076.002,4,0
G,1764410135,13.079971667,-16.769913333,21.3
C,1764410156.006,5,0
C,1764410176.005,4,0
G,1764410195,13.079973333,-16.769911667,21.1
C,1764410216.005,5,0
C,1764410236.005,4,0
G,1764410255,13.079973333,-16.769908333,20.9
C,1764410256.006,5,0
C,1764410276.005,4,0
G,1764410315,13.079975,-16.769906667,20.6
C,1764410316.005,5,0
C,1764410336.005,4,0
G,1764410375,13.079975,-16.769905,20.5
C,1764410376.005,5,0
C,1764410396.005,4,0
G,1764410435,13.079973333,-16.769905,20.4
C,1764410476.005,5,0
G,1764410495,13.07997,-16.769905,20
C,1764410496.003,4,0
C,1764410536.006,5,0
G,1764410555,13.079968333,-16.769903333,19.9
C,1764410556.005,4,0
C,1764410599.117,4,0
G,1764410615,13.079966667,-16.769903333,19.7
C,1764410636.005,5,0
C,1764410656.004,4,0
G,1764410675,13.079966667,-16.769903333,19.5
C,1764410696.006,5,0
C,1764410716.006,4,0
G,1764410735,13.079966667,-16.769903333,19.4
C,1764410736.004,5,0
C,1764410756.006,4,0
G,1764410795,13.079966667,-16.769905,19.1
C,1764410796.002,5,0
C,1764410816.005,4,0
p1,1764410846.1913,3.483,-72.22,-79.63,6.54
p1,1764410846.2136,3.473,-72.17,-79.93,6.958
G,1764410855,13.079966667,-16.769908333,19
C,1764410856.006,5,0
p1,1764410856.4301,3.491,-72.24,-80.3,7.318
p1,1764410866.5295,3.488,-72.43,-79.58,6.225
C,1764410876.004,4,0
p1,1764410876.4898,3.462,-68.86,-79.9,10.68
p1,1764410876.5118,3.481,-69.05,-80.23,10.83
p1,1764410876.6288,3.468,-68.93,-79.62,10.3
p1,1764410876.7608,3.477,-68.6,-80.03,11.1
p1,1764410886.5893,3.464,-69.15,-79.75,10.2
p1,1764410886.6113,3.486,-68.5,-79.58,10.73
p1,1764410886.7283,3.446,-69.03,-79.88,10.48
p1,1764410886.8600,3.477,-69.69,-79.69,9.539
p1,1764410896.6885,3.462,-69.5,-79.64,9.694
p1,1764410896.7106,3.472,-69.07,-79.26,9.761
p1,1764410896.8278,3.446,-68.7,-79.46,10.37
p1,1764410896.9595,3.479,-68.7,-79.95,10.92
p1,1764410906.7880,3.47,-68.46,-79.46,10.64
p1,1764410906.8100,3.478,-68.66,-80.37,11.4
p1,1764410906.9273,3.463,-69.15,-79.7,10.15
p1,1764410907.0590,3.477,-69.56,-80.17,10.21
G,1764410915,13.079965,-16.76991,18.9
p1,1764410917.0268,3.476,-71.88,-79.83,7.192
p1,1764410917.1585,3.473,-69.36,-79.37,9.553
p1,1764410926.9870,3.461,-67.36,-79.49,11.86
p1,1764410927.0088,3.468,-68.06,-79.76,11.4
p1,1764410927.1260,3.482,-68.73,-80.03,10.96
p1,1764410927.2580,3.474,-68.25,-79.47,10.88
p1,1764410937.0863,3.469,-68.19,-80.15,11.68
p1,1764410937.1083,3.465,-68.2,-79.82,11.31
p1,1764410937.2255,3.471,-67.49,-79.42,11.64
p1,1764410937.3573,3.468,-68.04,-79.47,11.1
p1,1764410947.1858,3.475,-67.94,-79.97,11.75
p1,1764410947.2078,3.472,-67.92,-80.19,12
p1,1764410947.3250,3.478,-68.36,-78.92,10.17
p1,1764410947.4568,3.474,-67.96,-79.96,11.72
C,1764410956.005,5,0
p1,1764410957.2852,3.486,-68.7,-79.53,10.46
p1,1764410957.3073,3.475,-68.14,-79.52,11.05
p1,1764410957.4243,3.478,-69.25,-79.7,10.03
p1,1764410957.5562,3.479,-68.6,-79.41,10.43
p1,1764410967.3848,3.47,-67.86,-79.38,11.2
p1,1764410967.4065,3.478,-67.83,-79.55,11.42
p1,1764410967.5237,3.474,-68.63,-79.51,10.52
p1,1764410967.6557,3.479,-67.95,-80.05,11.83
G,1764410975,13.079963333,-16.769911667,18.8
C,1764410976.002,4,0
C,1764411016.005,5,0
p1,1764411017.8817,3.481,-71.67,-79.34,6.855
p1,1764411017.9037,3.48,-71.35,-79.42,7.335
p1,1764411018.1527,3.48,-72.44,-79.64,6.274
p1,1764411027.9812,3.482,-65.14,-79.29,13.97
p1,1764411028.0032,3.48,-65.56,-79.73,14
p1,1764411028.1205,3.476,-65.69,-79.83,13.97
p1,1764411028.2522,3.477,-65.63,-80.18,14.4
G,1764411035,13.079961667,-16.769911667,18.7
C,1764411036.005,4,0
p1,1764411038.0807,3.475,-64.28,-79.19,14.77
p1,1764411038.1027,3.489,-64.24,-79.57,15.2
p1,1764411038.2197,4.646,-74.23,-81.64,6.547
p1,1764411038.2200,3.486,-64.46,-79.16,14.56
p1,1764411038.3517,3.491,-64.31,-79.56,15.12
p1,1764411048.1800,4.638,-73.23,-80.86,6.814
p1,1764411048.1802,3.482,-63.4,-79.21,15.69
p1,1764411048.2020,3.488,-63.35,-79.22,15.76
p1,1764411048.3192,3.484,-63.33,-80.23,16.81
p1,1764411048.4509,3.484,-62.97,-80.07,17.01
p1,1764411068.3790,3.481,-64.89,-80.5,15.49
p1,1764411068.4010,3.477,-65.25,-79.83,14.42
p1,1764411068.5182,3.482,-64.3,-79.31,14.87
p1,1764411068.6499,3.481,-64.63,-79.81,15.04
p1,1764411078.4785,3.476,-64.35,-79.33,14.84
p1,1764411078.5004,3.486,-64.15,-79.05,14.76
p1,1764411078.6174,3.477,-64.66,-79.43,14.62
p1,1764411078.7492,4.631,-73.69,-81.72,7.285
p1,1764411078.7495,3.48,-64.4,-80,15.48
G,1764411095,13.079961667,-16.769911667,18.6
C,1764411115.713,5,0
p1,1764411128.9754,3.461,-69.72,-79.52,9.318
p1,1764411128.9974,3.458,-70.45,-79.73,8.732
p1,1764411129.1147,3.482,-70.89,-79.63,8.119
p1,1764411129.2464,3.454,-70.52,-79.39,8.267
C,1764411135.711,4,0
p1,1764411139.0749,3.462,-70.2,-80.06,9.387
p1,1764411139.0969,3.459,-70.47,-79.22,8.122
p1,1764411139.2141,3.463,-70.48,-79.8,8.782
p1,1764411139.3459,3.465,-70.31,-80.15,9.366
p1,1764411149.1744,3.488,-72.12,-79.42,6.407
p1,1764411149.1964,3.459,-71.52,-79.26,6.94
p1,1764411149.3136,3.47,-71.66,-79.59,7.17
p1,1764411149.4454,3.45,-71.07,-79.78,8.082
G,1764411155,13.07996,-16.769911667,18.5
p1,1764411159.2739,3.461,-70.1,-79.47,8.838
p1,1764411159.2959,3.468,-70.48,-79.82,8.796
p1,1764411159.4129,3.473,-69.54,-79.93,9.98
p1,1764411159.5446,3.464,-70.1,-79.44,8.809
p1,1764411169.3732,3.446,-72.15,-80.77,7.976
p1,1764411169.3951,3.472,-72.56,-80.16,6.771
p1,1764411169.5124,3.46,-71.62,-79.85,7.518
p1,1764411169.6441,3.464,-71.58,-79.79,7.498
C,1764411175.712,5,0
p1,1764411179.6119,3.473,-73.32,-80.46,6.201
p1,1764411189.7114,3.477,-72,-79.37,6.489
p1,1764411189.8431,3.473,-72.81,-80.03,6.307
C,1764411195.717,4,0
