port, timestamp,snr,signal,noise,ms
C,1764584387.559,4,0
G,1764584387,13.079423333,-16.7702,14.9
C,1764584388.303,5,0
C,1764584408.302,4,0
C,1764584428.306,5,0
G,1764584447,13.07943,-16.770191667,15.2
C,1764584448.302,4,0
C,1764584488.306,5,0
G,1764584507,13.079443333,-16.770163333,15.8
C,1764584508.303,4,0
C,1764584548.307,5,0
G,1764584567,13.079436667,-16.770148333,15.3
C,1764584568.308,4,0
C,1764584588.308,5,0
C,1764584608.31,4,0
G,1764584627,13.079431667,-16.770178333,15.3
C,1764584648.311,5,0
C,1764584668.311,4,0
G,1764584687,13.079438333,-16.770171667,15.4
C,1764584708.314,5,0
C,1764584728.311,4,0
G,1764584747,13.079433333,-16.770185,15.5
C,1764584748.321,5,0
C,1764584768.311,4,0
C,1764584788.313,5,0
G,1764584807,13.079431667,-16.77019,15.8
C,1764584828.314,4,0
C,1764584848.314,5,0
G,1764584867,13.079435,-16.770193333,16
C,1764584888.317,4,0
C,1764584908.317,5,0
G,1764584927,13.079433333,-16.770183333,15.8
C,1764584928.317,4,0
C,1764584948.317,5,0
C,1764584988.011,5,0
G,1764584987,13.079435,-16.770171667,15.9
C,1764584988.319,4,0
C,1764585008.317,5,0
G,1764585047,13.079435,-16.770175,16.4
C,1764585048.32,4,0
C,1764585068.319,5,0
C,1764585088.32,4,0
G,1764585107,13.079436667,-16.770176667,16.5
C,1764585128.321,5,0
C,1764585148.32,4,0
G,1764585167,13.079435,-16.770196667,16.5
C,1764585188.321,5,0
C,1764585208.324,4,0
G,1764585227,13.079423333,-16.770206667,17.1
C,1764585228.324,5,0
C,1764585248.321,4,0
G,1764585287,13.079415,-16.770196667,17.7
C,1764585288.322,5,0
C,1764585308.321,4,0
C,1764585328.323,5,0
G,1764585347,13.07942,-16.770193333,18
C,1764585368.326,4,0
C,1764585388.327,5,0
G,1764585407,13.079418333,-16.770201667,18.1
C,1764585408.327,4,0
C,1764585428.328,5,0
G,1764585467,13.079415,-16.77021,17.4
C,1764585468.33,4,0
C,1764585488.331,5,0
G,1764585527,13.079425,-16.77022,17.5
C,1764585528.332,4,0
C,1764585548.333,5,0
C,1764585568.333,4,0
G,1764585587,13.079413333,-16.770233333,17.7
C,1764585588.492,4,0
C,1764585608.335,5,0
C,1764585628.335,4,0
G,1764585647,13.07942,-16.770233333,17.5
C,1764585648.334,5,0
C,1764585688.335,4,0
G,1764585707,13.079426667,-16.77024,17.1
C,1764585708.333,5,0
C,1764585728.334,4,0
G,1764585767,13.07943,-16.770243333,16.6
C,1764585768.336,5,0
C,1764585788.332,4,0
G,1764585827,13.079435,-16.770235,16
C,1764585828.339,5,0
C,1764585848.343,4,0
C,1764585868.339,5,0
G,1764585887,13.079436667,-16.770225,15.6
C,1764585888.34,4,0
C,1764585928.342,5,0
G,1764585947,13.079433333,-16.770226667,15.6
C,1764585948.343,4,0
C,1764585988.349,5,0
G,1764586007,13.079445,-16.770211667,15.2
C,1764586008.344,4,0
C,1764586028.347,5,0
C,1764586048.347,4,0
G,1764586067,13.07944,-16.770208333,14.8
C,1764586068.347,5,0
C,1764586108.338,4,0
G,1764586127,13.07943,-16.770208333,14.9
C,1764586128.348,5,0
C,1764586168.349,4,0
G,1764586187,13.079436667,-16.770206667,14.5
C,1764586188.356,5,0
C,1764586188.912,5,0
C,1764586208.349,4,0
G,1764586247,13.079448333,-16.770196667,14.5
C,1764586248.352,5,0
C,1764586268.35,4,0
G,1764586307,13.079448333,-16.77019,14.2
C,1764586308.348,5,0
C,1764586328.352,4,0
C,1764586348.351,5,0
G,1764586367,13.07946,-16.770188333,13.9
C,1764586368.35,4,0
C,1764586408.341,5,0
G,1764586427,13.079523333,-16.770285,14.2
C,1764586428.352,4,0
C,1764586448.352,5,0
p1,1764586469.8974,-7.073,-67.95,-81.34,13.19
p1,1764586469.8984,-4.613,-66.69,-79.11,12.16
p1,1764586485.3149,-4.717,-64.81,-78.35,13.34
p1,1764586485.3154,-4.869,-64.07,-76.98,12.68
p1,1764586485.9014,2.909,-64.78,-77.53,12.52
p1,1764586485.9021,-7.04,-65.29,-78.45,12.94
p1,1764586485.9714,-2.32,-68.75,-78.09,8.797
p1,1764586485.9719,-5.651,-68.65,-80.99,12.08
G,1764586487,13.079471667,-16.770316667,14.9
C,1764586488.352,4,0
p1,1764586491.3454,-5.626,-65.82,-79.82,13.83
p1,1764586491.4644,4.714,-72.96,-80.91,7.195
p1,1764586491.5626,-3.964,-56.97,-78.25,21.25
p1,1764586492.8784,-1.713,-69.81,-78.37,7.907
p1,1764586498.7691,-5.931,-67.03,-79.69,12.42
p1,1764586499.3769,6.681,-69.96,-81.31,11.02
p1,1764586499.3776,2.33,-69.65,-78.39,8.111
C,1764586508.353,5,0
p1,1764586510.4941,5.122,-63.25,-77.98,14.58
p1,1764586511.1284,5.566,-59.67,-77.56,17.81
p1,1764586511.1286,1.989,-59.64,-76.67,16.95
p1,1764586511.1471,-5.514,-57.02,-66.91,9.424
p1,1764586511.6689,-4.255,-66.72,-77.48,10.37
p1,1764586525.0916,-1.431,-66.34,-78.16,11.53
p1,1764586525.0921,4.291,-66.97,-81.12,13.99
p1,1764586527.2639,-5.327,-64.86,-76.81,11.66
p1,1764586527.2644,1.841,-64.17,-75.17,10.64
p1,1764586527.2851,7.363,-59.72,-70.02,9.878
C,1764586528.353,4,0
p1,1764586530.8538,-3.956,-67.7,-78.92,10.88
p1,1764586530.8541,1.9,-67.25,-77.07,9.341
p1,1764586532.9884,6.274,-64.13,-78.26,13.96
p1,1764586535.2116,-5.299,-67.97,-76,7.285
p1,1764586535.3206,6.648,-69.31,-79.73,10.02
p1,1764586535.3229,1.766,-70.05,-77.55,6.647
p1,1764586536.1846,5.991,-65.9,-79.59,13.5
p1,1764586536.1854,-2.272,-65.33,-78.09,12.52
p1,1764586536.2009,1.54,-67.6,-78,9.987
p1,1764586536.2029,6.257,-67.25,-80.03,12.55
p1,1764586539.4629,-6.027,-69.93,-79.24,8.767
p1,1764586539.5026,1.866,-59.78,-71.69,11.62
G,1764586547,13.078998333,-16.770591667,12
p1,1764586565.4686,-7.523,-70.07,-79.42,8.821
C,1764586568.349,5,0
p1,1764586572.3466,2.669,-62.36,-77.55,15.06
p1,1764586573.8678,-5.849,-61.2,-79.61,18.35
C,1764586588.355,4,0
G,1764586607,13.08246,-16.76839,16.3
C,1764586608.351,5,0
C,1764586648.356,4,0
p1,1764586650.5303,-7.749,-64.6,-78.81,14.04
p1,1764586650.5313,-5.903,-65.11,-77.1,11.7
p1,1764586650.5803,6.33,-70.32,-81.38,10.71
p1,1764586650.5815,1.878,-71.06,-78.65,6.759
p1,1764586652.5795,6.755,-68.11,-81.11,12.77
p1,1764586652.5813,2.294,-67.7,-78.65,10.59
p1,1764586652.6166,-1.917,-57.68,-76.02,18.27
G,1764586667,13.08608,-16.766736667,13
C,1764586668.352,5,0
C,1764586688.353,4,0
G,1764586727,13.090048333,-16.765193333,15.1
C,1764586728.354,5,0
C,1764586748.353,4,0
p1,1764586757.2100,-5.404,-62.75,-81.03,18.22
p1,1764586757.2110,-3.455,-63.91,-77.97,13.89
G,1764586787,13.09214,-16.763956667,9.2
C,1764586788.359,5,0
C,1764586789.389,5,0
p1,1764586794.5090,-4.923,-69.28,-79.99,10.32
p1,1764586794.5105,1.92,-67.85,-78.16,9.884
p1,1764586794.7985,2.34,-57,-77.62,20.59
p1,1764586794.8460,6.714,-69.89,-79.17,8.729
p1,1764586803.0680,1.844,-68.57,-78.61,9.584
p1,1764586803.0685,-4.324,-70.3,-80.79,10.09
p1,1764586806.3052,-6.46,-71.55,-80.31,8.132
C,1764586808.355,4,0
p1,1764586808.8327,-5.483,-59.82,-80.17,20.31
p1,1764586808.8335,-5.576,-61.59,-78.12,16.44
p1,1764586811.3630,-6.718,-71.96,-79.86,7.127
p1,1764586811.9065,1.791,-69.99,-78.05,7.321
p1,1764586811.9067,-5.868,-69.87,-80.25,9.97
p1,1764586815.5240,-7.6,-62.8,-76.2,13.2
p1,1764586815.5247,1.939,-63.94,-75.54,11.28
p1,1764586815.5457,1.834,-66.85,-74.76,7.151
p1,1764586815.5480,7.09,-68.58,-76.03,6.596
p1,1764586815.5660,5.089,-52.82,-75.47,22.62
p1,1764586816.0632,-5.101,-70.04,-78.29,7.543
p1,1764586823.9962,5.719,-67.4,-76.96,9.053
p1,1764586823.9970,7.619,-65.11,-78.46,13.14
p1,1764586825.7397,-7.539,-60.7,-71.68,10.62
C,1764586828.359,5,0
G,1764586847,13.092041667,-16.763671667,9.3
C,1764586848.358,4,0
C,1764586888.359,5,0
G,1764586907,13.091675,-16.763356667,13
C,1764586908.355,4,0
C,1764586928.361,5,0
G,1764586967,13.091538333,-16.763353333,13.9
C,1764586968.362,4,0
C,1764586988.353,5,0
C,1764587008.365,4,0
G,1764587027,13.091531667,-16.763358333,14.5
C,1764587048.362,5,0
C,1764587068.367,4,0
G,1764587087,13.091538333,-16.76336,14.6
C,1764587108.366,5,0
C,1764587128.368,4,0
G,1764587147,13.091541667,-16.763361667,14.7
C,1764587148.369,5,0
C,1764587168.373,4,0
G,1764587207,13.09155,-16.763401667,15.7
C,1764587208.367,5,0
C,1764587228.37,4,0
G,1764587267,13.091556667,-16.763405,15.5
C,1764587268.371,5,0
C,1764587288.372,4,0
C,1764587308.371,5,0
p1,1764587311.1775,-5.524,-67.18,-76.59,8.879
p1,1764587311.1785,-6.401,-67.31,-77.14,9.35
p1,1764587315.3025,-5.827,-69.09,-76.41,6.422
p1,1764587316.2932,-6.37,-65.65,-77.29,11.34
p1,1764587316.2935,1.687,-66.32,-76.87,10.16
p1,1764587320.3067,5.467,-65.55,-73.85,7.605
p1,1764587320.3072,3.109,-63.26,-73.55,9.858
p1,1764587327.3095,-5.064,-64.84,-73.03,7.467
G,1764587327,13.091983333,-16.76351,21.5
C,1764587328.372,4,0
p1,1764587350.5875,-6.686,-69.59,-78.51,8.321
C,1764587368.37,5,0
p1,1764587380.7460,5.848,-73.08,-80.47,6.515
G,1764587387,13.092076667,-16.76365,18.4
C,1764587388.372,4,0
C,1764587389.799,4,0
p1,1764587395.9529,6.376,-67.34,-79.54,11.94
p1,1764587395.9549,-3.093,-64.51,-78.14,13.44
p1,1764587401.6347,7.576,-66.74,-79.14,12.14
p1,1764587411.8907,1.862,-70.31,-78.74,7.753
p1,1764587411.8909,-5.653,-70.52,-79.3,8.167
p1,1764587418.3632,-4.096,-65.64,-79.29,13.46
p1,1764587426.3434,-4.694,-71.88,-79.45,6.728
C,1764587428.375,5,0
G,1764587447,13.09202,-16.763788333,16.6
C,1764587448.375,4,0
p1,1764587452.4187,7.092,-59.56,-71.37,11.52
p1,1764587452.9529,-7.469,-72.72,-80.51,7
C,1764587468.379,5,0
C,1764587488.377,4,0
G,1764587507,13.091941667,-16.764726667,13.2
C,1764587528.377,5,0
C,1764587548.378,4,0
G,1764587567,13.088685,-16.76558,13.3
C,1764587588.379,5,0
C,1764587608.379,4,0
G,1764587627,13.085705,-16.766598333,16.7
C,1764587628.378,5,0
p1,1764587637.1503,-5.602,-72.54,-79.83,6.391
p1,1764587637.1508,-5.498,-70.6,-78.61,7.257
C,1764587648.38,4,0
p1,1764587650.1781,-4.657,-67.2,-77.96,10.38
p1,1764587650.1783,-4.649,-68.02,-79.62,11.28
p1,1764587650.3998,-5.861,-65.29,-80.28,14.85
p1,1764587650.4013,5.884,-66.58,-78.33,11.45
p1,1764587654.7036,-6.303,-69.74,-79.47,9.24
p1,1764587654.7046,1.818,-69.87,-78.43,7.913
p1,1764587661.8023,-1.935,-71.1,-78.83,6.931
p1,1764587661.8031,7.986,-72.74,-80.29,6.714
G,1764587687,13.0852,-16.7665,18
C,1764587688.381,5,0
C,1764587708.381,4,0
G,1764587747,13.0852,-16.7665,18
C,1764587748.383,5,0
C,1764587768.383,4,0
C,1764587788.383,5,0
G,1764587807,13.085341667,-16.766246667,15.9
C,1764587808.38,4,0
C,1764587849.005,5,0
G,1764587867,13.085208333,-16.766188333,16.8
C,1764587869.005,4,0
C,1764587909.005,5,0
G,1764587927,13.08521,-16.766281667,15.1
C,1764587929.006,4,0
