port, timestamp,snr,signal,noise,ms
G,1764587987,13.085188333,-16.766483333,15.9
C,1764587990.235,4,0
p1,1764588002.2319,6.295,-59.67,-76.33,16.56
p1,1764588002.2664,7.837,-66.98,-74.95,7.222
p1,1764588008.3094,5.982,-59.86,-77.11,17.17
p1,1764588008.3097,3.461,-60.01,-74.32,14.14
C,1764588009.005,5,0
p1,1764588016.1682,1.824,-64.8,-73.76,8.367
p1,1764588016.1687,5.847,-64.75,-75.81,10.7
p1,1764588016.7897,-6.366,-60.53,-75.44,14.77
p1,1764588016.7909,5.218,-60.54,-72.98,12.19
p1,1764588016.8827,1.863,-60.29,-73.31,12.79
p1,1764588017.3069,-2.789,-43.72,-73.49,29.76
p1,1764588017.3076,7.1,-45.98,-76.22,30.23
p1,1764588017.3079,2.872,-42.12,-53.09,10.61
p1,1764588017.3804,5.6,-55.52,-72.86,17.26
p1,1764588017.3817,-6.869,-53.23,-75.41,22.16
p1,1764588018.3194,3.007,-49.12,-74.52,25.38
p1,1764588018.3729,2.745,-59.09,-73.33,14.07
p1,1764588018.3744,-3.456,-62.12,-75.37,13.04
p1,1764588026.2179,1.853,-65.45,-72.86,6.549
p1,1764588026.2184,-5.637,-66.6,-74.46,7.085
C,1764588029.004,4,0
p1,1764588029.1506,0.4,-37.75,-46.44,8.065
p1,1764588029.1751,2.355,-59.41,-69.39,9.518
p1,1764588029.1756,7.133,-59.68,-69.32,9.147
p1,1764588029.6581,4.787,-52.41,-71.66,19.2
p1,1764588029.6584,4.744,-52.21,-73.27,21.03
p1,1764588032.3121,-4.31,-60.69,-72.28,11.27
G,1764588047,13.084536667,-16.766838333,12.6
C,1764588069.004,5,0
p1,1764588083.6961,5.12,-58.83,-71.59,12.52
p1,1764588083.6964,5.088,-58.33,-71.92,13.39
p1,1764588086.8736,2.257,-59.01,-71.23,11.94
p1,1764588086.8749,-6.572,-59.45,-72.37,12.69
p1,1764588087.9876,2.256,-63.2,-71.38,7.467
p1,1764588088.3941,-7.697,-57.96,-69.06,10.74
p1,1764588088.3958,5.33,-60.65,-68.9,7.539
C,1764588089.007,4,0
p1,1764588089.0766,3.495,-57.32,-71.25,13.75
p1,1764588089.0769,3.529,-59.6,-71.54,11.65
p1,1764588090.3156,3.057,-61.5,-71.04,9.022
p1,1764588100.6791,7.536,-59.41,-71.87,12.21
p1,1764588100.6794,-5.635,-59.67,-71.09,11.09
p1,1764588104.8573,6.239,-57.98,-71.44,13.26
p1,1764588104.8576,-4.603,-58.56,-71.29,12.49
p1,1764588107.5698,5.081,-61.18,-70.67,8.97
p1,1764588107.5706,5.095,-61.3,-70.1,8.191
G,1764588107,13.083228333,-16.767825,7.8
C,1764588109.005,5,0
C,1764588129.005,4,0
G,1764588167,13.08129,-16.769235,5.3
C,1764588169.004,5,0
C,1764588189.006,4,0
p1,1764588208.2451,-4.514,-59.37,-73.66,14.13
p1,1764588208.2458,-4.676,-58.77,-72.52,13.57
p1,1764588214.0613,5.016,-62.48,-71.37,8.296
p1,1764588214.0615,3.795,-62.32,-71.31,8.407
p1,1764588214.1243,3.27,-60.15,-71.11,10.59
p1,1764588214.1255,3.952,-61.68,-72.13,10.04
G,1764588227,13.0795,-16.77029,8.8
p1,1764588229.1575,1.954,-64.53,-72.53,7.257
p1,1764588229.1588,5.617,-63.02,-73.12,9.653
p1,1764588238.1368,-5.598,-61.34,-71.49,9.711
p1,1764588239.0498,-4.664,-64.04,-71.22,6.264
p1,1764588240.4688,-7.038,-64.6,-72.15,6.709
p1,1764588242.7168,4.735,-63.51,-70.73,6.313
p1,1764588243.8113,5.121,-62.26,-71.45,8.629
p1,1764588244.4638,-4.522,-50.41,-71.48,21.03
p1,1764588244.4640,-1.86,-50.1,-71.15,21.01
p1,1764588248.5093,1.874,-48.96,-63.97,14.87
p1,1764588248.5095,3.872,-49.49,-63.04,13.35
p1,1764588248.5395,5.942,-42.64,-63.37,20.69
p1,1764588249.0363,-5.41,-56.68,-73.01,16.23
p1,1764588249.0375,2.309,-57.17,-72.1,14.78
p1,1764588254.9743,-5.107,-65.78,-73.02,6.325
p1,1764588254.9755,2.222,-64.73,-71.83,6.16
p1,1764588257.1630,4.052,-59.04,-70.33,10.96
G,1764588287,13.079556667,-16.770155,4.6
C,1764588329.005,5,0
G,1764588347,13.079505,-16.770076667,2
C,1764588349.004,4,0
C,1764588389.005,5,0
G,1764588407,13.079321667,-16.769793333,7
C,1764588409.004,4,0
C,1764588429.005,5,0
C,1764588449.006,4,0
G,1764588467,13.079455,-16.769141667,8.6
C,1764588489.005,5,0
C,1764588509.006,4,0
G,1764588527,13.07975,-16.768745,7.3
C,1764588549.005,5,0
C,1764588569.004,4,0
G,1764588587,13.079806667,-16.768486667,5
C,1764588589.006,5,0
C,1764588590.69,5,0
p1,1764588600.8676,7.6,-71.27,-81.07,9.314
p1,1764588601.4186,4.705,-70.84,-79.25,7.739
p1,1764588601.4203,1.894,-68.42,-76.66,7.542
p1,1764588602.4158,1.861,-57.76,-78.5,20.71
p1,1764588602.4166,-4.707,-57.53,-80.43,22.87
p1,1764588603.3589,3.967,-72.3,-80.58,7.584
C,1764588609.004,4,0
G,1764588647,13.079638333,-16.767983333,7.1
C,1764588649.004,5,0
C,1764588669.005,4,0
G,1764588707,13.079958333,-16.767598333,3.6
C,1764588709.006,5,0
C,1764588729.004,4,0
C,1764588749.004,5,0
G,1764588767,13.080591667,-16.767676667,1.4
C,1764588769.005,4,0
p1,1764588784.9150,3.456,-70.79,-78.64,7.07
p1,1764588784.9370,3.462,-71.53,-78.56,6.063
p1,1764588785.1860,3.472,-71.1,-78.86,6.97
p1,1764588805.1137,3.484,-66.77,-78.76,11.71
p1,1764588805.1358,3.477,-66.74,-78.52,11.48
p1,1764588805.2530,3.48,-67.59,-78.02,10.02
p1,1764588805.3848,3.484,-66.85,-78.25,11.08
C,1764588809.005,5,0
p1,1764588815.3527,3.496,-70.42,-77.59,6.25
p1,1764588825.3127,3.476,-63.23,-76.26,12.81
p1,1764588825.3345,3.474,-62.88,-75.48,12.35
p1,1764588825.4517,3.476,-62.95,-76.61,13.46
p1,1764588825.5837,3.47,-63.2,-76.22,12.8
G,1764588827,13.080525,-16.76714,11.3
C,1764588829.008,4,0
p1,1764588835.4120,3.475,-55.88,-77.18,21.27
p1,1764588835.4340,3.477,-55.97,-76.83,20.82
p1,1764588835.5513,3.476,-56.3,-75.24,18.88
p1,1764588835.6830,3.479,-56.44,-74.94,18.44
p1,1764588845.5115,3.482,-66.1,-75.45,8.816
p1,1764588845.5335,3.472,-66.64,-75.87,8.675
p1,1764588845.6507,3.486,-68.07,-76.22,7.432
p1,1764588845.7825,3.47,-68.56,-76.02,6.599
p1,1764588865.9812,3.488,-67.6,-74.72,6.177
C,1764588869.005,5,0
p1,1764588875.8097,3.474,-54.51,-76.02,21.48
p1,1764588875.8317,3.477,-54.23,-76.08,21.81
p1,1764588875.9490,3.475,-53.25,-76.36,23.09
p1,1764588876.0807,3.475,-52.99,-77.32,24.31
p1,1764588885.9092,3.477,-54.42,-78.94,24.5
p1,1764588885.9312,3.477,-54.46,-78.43,23.95
p1,1764588886.0485,3.476,-54.94,-78.47,23.52
p1,1764588886.1802,3.473,-54.98,-78.43,23.43
G,1764588887,13.08067,-16.766858333,11.2
C,1764588889.005,4,0
p1,1764588896.0087,3.473,-54.49,-78.45,23.94
p1,1764588896.0307,3.48,-54.54,-78.33,23.77
p1,1764588896.1477,3.472,-54.69,-77.55,22.84
p1,1764588896.1480,-4.637,-64.96,-78.84,13.7
p1,1764588896.2797,3.476,-54.76,-78.59,23.81
p1,1764588906.2472,3.487,-67.86,-76.54,8.043
p1,1764588906.3790,3.472,-64.24,-76.79,12.3
C,1764588909.004,5,0
p1,1764588916.2075,3.473,-50.87,-76.49,25.61
p1,1764588916.2295,3.477,-50.49,-76.78,26.28
p1,1764588916.3467,3.475,-49.45,-77.62,28.17
p1,1764588916.4784,3.474,-48.81,-77.1,28.28
p1,1764588926.3069,3.474,-46.94,-78.14,31.2
p1,1764588926.3290,3.477,-46.66,-78.24,31.58
p1,1764588926.4462,3.477,-45.81,-75.35,29.54
p1,1764588926.5780,3.477,-46.53,-78.48,31.95
C,1764588929.005,4,0
p1,1764588936.4065,3.476,-45.52,-77.12,31.6
p1,1764588936.4285,3.478,-45.51,-75.84,30.32
p1,1764588936.5454,3.473,-45.5,-72.57,27.06
p1,1764588936.6774,3.476,-46.09,-76.4,30.3
p1,1764588946.5059,3.477,-46.16,-73.63,27.46
p1,1764588946.5279,3.479,-46.63,-72.76,26.12
p1,1764588946.6449,3.477,-48.15,-76.3,28.14
p1,1764588946.7769,3.478,-46.06,-72.37,26.3
G,1764588947,13.080691667,-16.766566667,7.6
p1,1764588956.6052,3.475,-30.48,-60.49,30.01
p1,1764588956.6272,3.478,-30.48,-62.6,32.12
p1,1764588956.7444,3.477,-31.35,-69.03,37.68
p1,1764588956.8762,3.477,-33.58,-65.94,32.36
p1,1764588966.7047,3.479,-64.31,-78.73,14.26
p1,1764588966.7267,3.481,-64.71,-78.73,13.83
p1,1764588966.8439,3.478,-68.17,-78.94,10.39
p1,1764588966.9757,3.461,-69.9,-78.84,8.349
C,1764588969.005,5,0
p1,1764588976.8042,3.47,-64.24,-73.82,9.072
p1,1764588976.8262,3.472,-64.92,-74.03,8.545
p1,1764588976.9434,3.474,-65.51,-73.78,7.573
p1,1764588977.0752,3.474,-63.99,-73.9,9.437
p1,1764588986.9037,3.476,-43.93,-70.78,26.84
p1,1764588986.9257,3.479,-43.69,-69.85,26.16
p1,1764588987.0427,3.475,-44.02,-71.72,27.69
p1,1764588987.1747,3.481,-41.24,-68.21,26.96
C,1764588989.004,4,0
p1,1764588997.0029,3.482,-40.51,-69.11,28.59
p1,1764588997.0249,3.477,-38.83,-69.23,30.4
p1,1764588997.1422,3.478,-36.01,-71.84,35.83
p1,1764588997.2739,3.471,-38.75,-69.49,30.74
p1,1764589007.1024,3.431,-38.91,-72.27,33.36
p1,1764589007.1244,3.438,-38.9,-72.24,33.34
p1,1764589007.2417,3.449,-38.2,-68.89,30.69
p1,1764589007.3734,3.463,-34.24,-71.44,37.2
G,1764589007,13.08051,-16.76647,7
p1,1764589017.2019,3.504,-10.46,-48.81,38.34
p1,1764589017.2239,3.505,-9.627,-44.27,34.64
p1,1764589017.3409,3.504,-11.53,-39.92,28.39
p1,1764589017.4729,3.499,-11.04,-46.4,35.36
p1,1764589027.3014,3.444,-9.672,-40.09,30.41
p1,1764589027.3234,3.451,-8.569,-36.8,28.23
p1,1764589027.4404,3.448,-7.706,-42.47,34.77
p1,1764589027.5724,3.437,-10.71,-39.09,28.38
C,1764589029.005,5,0
p1,1764589037.4007,3.403,-2.998,-32.37,29.36
p1,1764589037.4227,3.404,-2.982,-35.67,32.68
p1,1764589037.5399,3.397,-2.994,-43.43,40.44
p1,1764589037.6717,3.403,-2.927,-34.05,31.12
C,1764589049.004,4,0
G,1764589067,13.08051,-16.766468333,6.9
