port, timestamp,snr,signal,noise,ms
S,1764587834.787,1,frequency,150.096,0,
S,1764587834.796,1,lna_gain,1,0,
S,1764587834.8,1,rf_filter,6,0,
S,1764587834.805,1,mixer_gain,1,0,
S,1764587834.815,1,if_filter,0,0,
S,1764587834.82,1,if_gain,0,0,
G,1764660231,13.079478333,-16.770138333,2.6
p1,1764587925.7305,4.665,-11.41,-18.5,6.148
p1,1764587925.7525,3.514,-2.191,-40.69,38.49
p1,1764587925.8698,3.509,-2.286,-32.54,30.25
p1,1764587926.0015,3.512,-2.297,-42.12,39.83
p1,1764587928.4940,-4.704,-11.43,-18.52,6.149
p1,1764587928.5160,3.514,-2.261,-40.16,37.9
p1,1764587928.6333,3.513,-2.321,-30.95,28.63
p1,1764587928.7650,3.519,-2.172,-40.13,37.96
p1,1764587938.5935,3.494,-2.96,-35.28,32.32
p1,1764587938.6155,3.5,-2.825,-31.35,28.51
p1,1764587938.7325,3.495,-2.493,-34.6,32.1
p1,1764587938.8645,3.514,-2.284,-31.83,29.55
p1,1764587948.6927,3.51,-3.399,-33.41,30.01
p1,1764587948.7147,3.502,-6.251,-38.94,32.69
p1,1764587948.8320,3.479,-8.511,-48.03,39.52
p1,1764587948.9637,3.482,-11.59,-44.23,32.64
G,1764660291,13.079498333,-16.770151667,3.4
p1,1764587958.7922,3.468,-2.422,-40.09,37.67
p1,1764587958.8142,3.471,-2.443,-42.3,39.86
p1,1764587958.9315,3.471,-2.469,-34.75,32.28
p1,1764587959.0632,3.47,-2.4,-42.84,40.44
p1,1764587968.8917,3.477,-2.479,-37.94,35.46
p1,1764587968.9137,3.481,-2.44,-34.79,32.35
p1,1764587969.0307,3.477,-2.516,-30.58,28.06
p1,1764587969.1627,3.479,-2.468,-35.7,33.23
C,1764660315.951,-1,72337373
