port, timestamp,snr,signal,noise,ms
C,1764660315.964,1,0
p1,1764660316.3640,3.485,-2.492,-30.99,28.49
p1,1764660316.3857,3.485,-2.487,-30.8,28.3
p1,1764660316.5030,3.484,-2.37,-38.25,35.88
p1,1764660316.6347,3.483,-2.496,-31.32,28.82
p1,1764660326.4632,3.488,-2.416,-34.59,32.17
p1,1764660326.4852,3.492,-2.339,-37.41,35.07
p1,1764660326.6024,3.491,-2.386,-40.31,37.93
p1,1764660326.7342,3.49,-2.39,-37.43,35.04
p1,1764660336.5627,3.495,-2.354,-40.58,38.22
p1,1764660336.5847,3.497,-2.398,-39.92,37.52
p1,1764660336.7019,3.496,-2.472,-32.22,29.74
p1,1764660336.8337,3.496,-2.374,-39.9,37.52
p1,1764660346.6621,3.5,-2.481,-35.33,32.85
p1,1764660346.6842,3.502,-2.495,-32.58,30.08
p1,1764660346.8011,3.5,-2.48,-34.26,31.77
p1,1764660346.9331,3.501,-2.502,-32.58,30.07
G,1764660351,13.079511667,-16.77015,6
p1,1764660356.7507,3.502,-2.437,-31.01,28.57
p1,1764660356.7727,3.505,-2.363,-33.65,31.28
p1,1764660356.8898,3.504,-2.329,-42.37,40.04
p1,1764660357.0214,3.503,-2.394,-32.26,29.86
p1,1764660366.8392,3.506,-2.427,-38.17,35.75
p1,1764660366.8611,3.509,-2.433,-43.33,40.89
p1,1764660366.9783,3.507,-2.446,-36.79,34.34
p1,1764660367.1099,3.507,-2.415,-41.51,39.1
p1,1764660376.9276,3.508,-2.341,-40.71,38.37
p1,1764660376.9496,3.51,-2.341,-36.45,34.11
p1,1764660377.0664,3.508,-2.427,-30.14,27.7
p1,1764660377.1983,3.509,-2.349,-37.46,35.11
p1,1764660387.0240,3.508,-2.402,-32.21,29.81
p1,1764660387.0457,3.509,-2.424,-29.63,27.2
p1,1764660387.1629,3.508,-2.34,-37.12,34.78
p1,1764660387.2949,3.509,-2.427,-30.44,28
p1,1764660397.1222,3.507,-2.411,-32.95,30.54
p1,1764660397.1442,3.51,-2.395,-38.01,35.62
p1,1764660397.2614,3.509,-2.357,-41.26,38.9
p1,1764660397.3932,3.509,-2.375,-35.56,33.18
p1,1764660407.2207,3.508,-2.324,-42.35,40.02
p1,1764660407.2427,3.51,-2.318,-42.57,40.25
p1,1764660407.3599,3.509,-2.368,-32.62,30.24
p1,1764660407.4916,3.509,-2.329,-42.28,39.95
G,1764660411,13.079515,-16.77016,7.9
C,1764660412.002,3,0
p1,1764660417.2492,3.508,-2.359,-37.9,35.54
p1,1764660417.2712,3.51,-2.409,-32.95,30.54
p1,1764660417.3882,3.507,-2.408,-32.6,30.18
p1,1764660417.5202,3.509,-2.374,-35.14,32.76
p1,1764660427.3484,3.506,-2.462,-31.29,28.83
p1,1764660427.3487,4.655,-12.25,-32.7,20.41
p1,1764660427.3704,3.509,-2.401,-32.67,30.26
p1,1764660427.4877,3.508,-2.336,-40.3,37.96
p1,1764660427.6194,3.508,-2.424,-33.69,31.27
C,1764660432.004,4,0
p1,1764660437.4479,3.506,-2.334,-36.16,33.83
p1,1764660437.4699,3.51,-2.33,-40.78,38.45
p1,1764660437.5872,3.508,-2.386,-38.42,36.04
p1,1764660437.7189,3.507,-2.319,-39.45,37.13
p1,1764660447.5475,3.511,-2.309,-42.09,39.78
p1,1764660447.5695,3.514,-2.315,-39.32,37.01
p1,1764660447.6867,3.51,-2.432,-30.82,28.38
p1,1764660447.8185,3.508,-2.384,-39.97,37.58
p1,1764660457.6470,3.507,-2.427,-34.73,32.3
p1,1764660457.6689,3.51,-2.446,-30.76,28.3
p1,1764660457.7859,3.507,-2.433,-35.16,32.72
p1,1764660457.9179,3.508,-2.456,-32.84,30.38
p1,1764660467.7462,3.506,-2.472,-30.53,28.06
p1,1764660467.7681,3.509,-2.414,-34.79,32.37
p1,1764660467.8854,3.508,-2.369,-41.86,39.49
p1,1764660468.0171,3.507,-2.467,-36.75,34.28
G,1764660471,13.079485,-16.770158333,7.9
p1,1764660477.8458,3.507,-2.359,-38.1,35.74
p1,1764660477.8677,3.51,-2.373,-41.87,39.5
p1,1764660477.9849,3.508,-2.395,-36.57,34.18
p1,1764660478.1167,3.508,-2.356,-40.43,38.07
p1,1764660487.9452,3.508,-2.385,-40.9,38.51
p1,1764660487.9672,3.51,-2.396,-38.08,35.69
p1,1764660488.0845,3.509,-2.473,-29.72,27.24
p1,1764660488.2162,3.509,-2.406,-38.12,35.71
p1,1764660498.0447,3.508,-2.465,-32.67,30.2
p1,1764660498.0667,3.51,-2.484,-30.66,28.17
p1,1764660498.1836,3.508,-2.396,-36.58,34.18
p1,1764660498.3157,3.509,-2.492,-31.13,28.63
p1,1764660508.1439,3.507,-2.461,-32.91,30.45
p1,1764660508.1659,3.51,-2.431,-37.12,34.69
p1,1764660508.2832,3.509,-2.382,-43.48,41.1
p1,1764660508.4149,3.508,-2.429,-34.96,32.53
p1,1764660518.2434,3.508,-2.388,-39.65,37.26
p1,1764660518.2654,3.51,-2.343,-41.22,38.88
p1,1764660518.3827,3.509,-2.433,-34.86,32.43
p1,1764660518.5144,3.509,-2.378,-41.89,39.51
p1,1764660528.3429,3.508,-2.382,-39.97,37.58
p1,1764660528.3649,3.512,-2.413,-34.64,32.23
p1,1764660528.4819,3.509,-2.482,-30.55,28.06
p1,1764660528.6139,3.51,-2.49,-37.01,34.52
G,1764660531,13.079485,-16.770151667,8.7
p1,1764660538.4424,3.509,-2.504,-31.56,29.05
p1,1764660538.4642,3.51,-2.479,-30.76,28.27
p1,1764660538.5814,3.509,-2.405,-37.72,35.32
p1,1764660538.7131,3.509,-2.493,-31.11,28.61
p1,1764660538.7134,4.66,-12.14,-32.28,20.1
p1,1764660548.5416,3.508,-2.415,-32.82,30.4
p1,1764660548.5637,3.51,-2.399,-37.55,35.15
p1,1764660548.6809,3.51,-2.361,-41.48,39.12
p1,1764660548.8126,3.509,-2.376,-35.61,33.23
p1,1764660558.6411,3.508,-2.355,-41.66,39.3
p1,1764660558.6631,3.511,-2.362,-42.2,39.84
p1,1764660558.7804,3.51,-2.491,-34.08,31.58
p1,1764660558.9121,3.509,-2.359,-42.5,40.14
p1,1764660568.7406,3.509,-2.395,-37.42,35.02
p1,1764660568.7626,3.511,-2.416,-35.45,33.03
p1,1764660568.8796,3.509,-2.441,-30.79,28.34
p1,1764660569.0116,3.51,-2.424,-35.39,32.96
p1,1764660578.8401,3.509,-2.489,-31.17,28.68
p1,1764660578.8619,3.511,-2.476,-30.66,28.18
p1,1764660578.9791,3.51,-2.352,-37.85,35.5
p1,1764660579.1109,3.509,-2.479,-31.28,28.8
p1,1764660588.9394,3.508,-2.427,-35.54,33.12
p1,1764660588.9614,3.511,-2.377,-37.68,35.3
p1,1764660589.0786,3.51,-2.357,-39.37,37.01
p1,1764660589.2104,3.509,-2.396,-37.27,34.88
G,1764660591,13.079481667,-16.770143333,10.2
p1,1764660599.0389,3.509,-2.368,-41.79,39.42
p1,1764660599.0609,3.512,-2.445,-42.55,40.1
p1,1764660599.1781,3.511,-2.449,-32.77,30.32
p1,1764660599.3099,3.51,-2.37,-43.09,40.72
p1,1764660609.1384,3.509,-2.404,-37.59,35.18
p1,1764660609.1604,3.512,-2.397,-33.52,31.12
p1,1764660609.2774,3.509,-2.45,-32.65,30.19
p1,1764660609.4094,3.51,-2.422,-34.98,32.55
p1,1764660619.2379,3.51,-2.487,-30.87,28.37
p1,1764660619.2596,3.511,-2.445,-31.06,28.61
p1,1764660619.3769,3.51,-2.391,-40.3,37.91
p1,1764660619.5086,3.51,-2.488,-30.63,28.13
p1,1764660629.3371,3.509,-2.43,-35.24,32.81
p1,1764660629.3591,3.512,-2.368,-38.42,36.06
p1,1764660629.4764,3.511,-2.389,-39.78,37.39
p1,1764660629.6081,3.51,-2.402,-37.17,34.76
p1,1764660639.4366,3.51,-2.364,-42.63,40.26
p1,1764660639.4586,3.512,-2.371,-40.65,38.28
p1,1764660639.5758,3.511,-2.449,-32.67,30.22
p1,1764660639.7076,3.511,-2.365,-40.84,38.48
p1,1764660649.5361,3.51,-2.472,-36.31,33.84
p1,1764660649.5581,3.513,-2.451,-32.52,30.06
p1,1764660649.6751,3.51,-2.461,-32.82,30.36
p1,1764660649.8071,3.511,-2.509,-34.01,31.5
G,1764660651,13.079485,-16.77014,10.7
p1,1764660659.6353,3.509,-2.526,-32.16,29.63
p1,1764660659.6573,3.512,-2.455,-32.66,30.2
p1,1764660659.7746,3.511,-2.389,-39.63,37.24
p1,1764660659.9063,3.511,-2.479,-33.3,30.82
p1,1764660669.7348,3.509,-2.442,-36.75,34.3
p1,1764660669.7568,3.512,-2.384,-39.94,37.56
p1,1764660669.8741,3.511,-2.391,-40.15,37.75
p1,1764660670.0059,3.511,-2.369,-37.29,34.92
C,1764660671.878,5,0
p1,1764660679.8343,3.51,-2.357,-41.19,38.84
p1,1764660679.8563,3.512,-2.389,-40.34,37.95
p1,1764660679.9736,3.512,-2.456,-32.51,30.05
p1,1764660680.1053,3.511,-2.355,-40.49,38.13
p1,1764660689.9339,3.511,-2.416,-35.18,32.76
p1,1764660689.9558,3.513,-2.454,-32.71,30.25
p1,1764660690.0728,3.511,-2.459,-35.94,33.48
p1,1764660690.2048,3.512,-2.442,-32.92,30.48
C,1764660691.878,4,0
p1,1764660700.0331,3.509,-2.488,-30.26,27.76
p1,1764660700.0551,3.512,-2.453,-32.87,30.42
p1,1764660700.1723,3.511,-2.439,-44.58,42.14
p1,1764660700.3041,3.511,-2.455,-32.58,30.12
p1,1764660710.1325,3.51,-2.361,-37.13,34.77
p1,1764660710.1545,3.513,-2.341,-40.56,38.22
p1,1764660710.2718,3.512,-2.317,-37.93,35.62
p1,1764660710.4035,3.512,-2.344,-40.99,38.65
G,1764660711,13.079491667,-16.770138333,11.5
p1,1764660720.2321,3.511,-18.99,-58.7,39.71
p1,1764660720.2540,3.514,-17.81,-55.57,37.75
p1,1764660720.3713,3.512,-11.45,-40.08,28.63
p1,1764660720.5030,3.512,-10.16,-48.33,38.17
p1,1764660730.3316,3.511,-3.758,-36.54,32.78
p1,1764660730.3535,3.514,-3.803,-34.16,30.35
p1,1764660730.4705,3.511,-3.851,-35.74,31.89
p1,1764660730.6025,3.512,-4.306,-34.83,30.52
C,1764660731.879,5,0
p1,1764660740.4308,3.51,-4.767,-33.19,28.41
p1,1764660740.4528,3.513,-4.701,-34.98,30.28
p1,1764660740.5700,3.512,-4.766,-44.96,40.2
p1,1764660740.7018,3.511,-4.966,-35.23,30.26
p1,1764660750.5303,3.51,-5.509,-40.55,35.04
p1,1764660750.5523,3.514,-5.47,-43.54,38.07
p1,1764660750.6695,3.512,-5.536,-40.8,35.26
p1,1764660750.8013,3.512,-5.477,-43.35,37.88
C,1764660751.879,4,0
p1,1764660760.6298,3.511,-3.401,-43.6,40.2
p1,1764660760.6518,3.514,-3.42,-39.15,35.73
p1,1764660760.7690,3.513,-3.827,-32.28,28.45
p1,1764660760.9008,3.512,-4.834,-42.84,38.01
p1,1764660770.7293,3.511,-7.576,-40.14,32.56
p1,1764660770.7513,3.514,-7.636,-35.96,28.32
p1,1764660770.8683,3.512,-7.601,-40.18,32.57
p1,1764660771.0003,3.513,-7.769,-38.07,30.3
G,1764660771,13.079498333,-16.770145,12.3
p1,1764660780.8285,3.511,-8.516,-36.69,28.16
p1,1764660780.8505,3.514,-8.514,-40.55,32.03
p1,1764660780.9678,3.512,-9.051,-48.62,39.57
p1,1764660781.0995,3.512,-8.875,-39.1,30.22
p1,1764660790.9280,3.511,-8.91,-43.92,35
p1,1764660790.9500,3.514,-8.861,-47.98,39.12
p1,1764660791.0673,3.513,-8.832,-44.04,35.21
p1,1764660791.1990,3.512,-8.833,-46.28,37.44
p1,1764660800.8442,4.662,-53.48,-63.03,9.043
p1,1764660800.8465,-4.423,-52.97,-63.12,9.709
p1,1764660801.0275,3.511,-3.286,-42.81,39.53
p1,1764660801.0495,3.514,-3.317,-38.55,35.23
p1,1764660801.1668,3.513,-3.377,-31.77,28.38
p1,1764660801.2985,3.513,-3.239,-40.15,36.91
p1,1764660811.1270,3.512,-3.589,-35.32,31.73
p1,1764660811.1490,3.515,-3.657,-32.01,28.35
p1,1764660811.2660,3.512,-3.627,-36.34,32.71
p1,1764660811.3980,3.513,-3.633,-32.79,29.15
p1,1764660821.2262,3.511,-2.825,-31.16,28.33
p1,1764660821.2482,3.514,-2.808,-35.91,33.1
p1,1764660821.3655,3.513,-2.899,-42.8,39.9
p1,1764660821.4972,3.512,-2.963,-33.53,30.56
p1,1764660831.3257,3.511,-2.59,-37.81,35.22
p1,1764660831.3477,3.514,-2.599,-42.63,40.03
p1,1764660831.4650,3.513,-2.627,-37.98,35.35
p1,1764660831.5967,3.512,-2.585,-40.33,37.74
G,1764660831,13.0795,-16.770148333,12.3
C,1764660831.88,5,0
p1,1764660841.4252,3.511,-6.122,-44.21,38.09
p1,1764660841.4472,3.514,-6.133,-41.53,35.4
p1,1764660841.5645,3.513,-6.278,-34.6,28.31
p1,1764660841.6962,3.513,-6.179,-41.44,35.26
p1,1764660851.5247,3.512,-5.861,-36.15,30.29
p1,1764660851.5467,3.514,-5.893,-34.45,28.55
p1,1764660851.6637,3.512,-5.847,-38.45,32.61
p1,1764660851.7957,3.513,-5.91,-34.26,28.34
C,1764660851.88,4,0
p1,1764660861.6240,3.511,-6.26,-36.18,29.91
p1,1764660861.6460,3.514,-6.241,-38.85,32.61
p1,1764660861.7632,3.513,-6.136,-45.83,39.69
p1,1764660861.8950,3.512,-6.221,-38.59,32.36
p1,1764660871.7235,3.511,-10.15,-47.86,37.71
p1,1764660871.7454,3.514,-10.31,-50.6,40.29
p1,1764660871.8627,3.513,-11.12,-45.01,33.88
p1,1764660871.9945,3.513,-10.74,-50.72,39.98
p1,1764660881.8230,3.512,-10.82,-48.72,37.9
p1,1764660881.8450,3.514,-10.78,-46.19,35.41
p1,1764660881.9622,3.513,-10.69,-38.03,27.33
p1,1764660882.0939,3.513,-10.53,-45.77,35.24
G,1764660891,13.0795,-16.770148333,12.4
C,1764660891.877,5,0
p1,1764660891.9224,3.512,-13.83,-44.06,30.23
p1,1764660891.9444,3.515,-13.86,-42.36,28.49
p1,1764660892.0614,3.512,-13.83,-47.09,33.26
p1,1764660892.1935,3.513,-13.66,-42.17,28.5
p1,1764660902.0217,3.511,-10.87,-41.38,30.51
p1,1764660902.0437,3.514,-10.77,-43.23,32.45
p1,1764660902.1609,3.513,-10.32,-49.85,39.53
p1,1764660902.2927,3.512,-10.34,-43.16,32.82
C,1764660911.879,4,0
p1,1764660912.1212,3.566,-3.02,-41.15,38.13
p1,1764660912.1432,3.538,-3.852,-44.1,40.24
p1,1764660912.2604,3.517,-2.759,-34.93,32.17
p1,1764660912.3922,3.518,-2.842,-43.11,40.27
C,1764660916.389,4,0
p1,1764660922.2207,3.484,-2.558,-40.02,37.46
p1,1764660922.2427,3.487,-2.569,-35.47,32.9
p1,1764660922.3597,3.484,-2.664,-31.08,28.41
p1,1764660922.4917,3.49,-2.568,-37.36,34.79
C,1764660931.878,5,0
p1,1764660932.3202,3.501,-5.128,-33.57,28.44
p1,1764660932.3419,3.502,-5.144,-33.48,28.33
p1,1764660932.4592,3.501,-5.06,-39.99,34.93
p1,1764660932.5909,3.5,-5.164,-33.09,27.92
p1,1764660942.4194,3.5,-5.135,-37.85,32.71
p1,1764660942.4414,3.503,-5.114,-40.13,35.02
p1,1764660942.5587,3.502,-5.138,-42.6,37.46
p1,1764660942.6904,3.502,-5.078,-40.15,35.07
G,1764660951,13.079508333,-16.770141667,13.4
C,1764660951.88,4,0
p1,1764660952.5189,3.501,-4.818,-44.86,40.04
p1,1764660952.5409,3.504,-4.84,-42.79,37.95
p1,1764660952.6582,3.503,-5.062,-35.56,30.5
p1,1764660952.7899,3.502,-4.415,-44.63,40.22
p1,1764660962.6184,3.501,-4.041,-38.59,34.55
p1,1764660962.6404,3.504,-4.093,-34.53,30.43
p1,1764660962.7574,3.502,-4.112,-34.34,30.23
p1,1764660962.8894,3.503,-3.904,-35.66,31.75
p1,1764660972.7176,3.5,-3.169,-30.44,27.26
p1,1764660972.7397,3.503,-3.128,-33.32,30.19
p1,1764660972.8569,3.502,-3.081,-40.42,37.34
p1,1764660972.9886,3.501,-3.097,-32.39,29.28
p1,1764660982.8171,3.501,-3.272,-38.71,35.43
p1,1764660982.8391,3.504,-3.241,-40.75,37.51
p1,1764660982.9564,3.503,-3.228,-38.71,35.48
p1,1764660983.0881,3.503,-3.216,-41.85,38.63
C,1764660991.882,5,0
p1,1764660992.9167,3.502,-6.133,-46.43,40.3
p1,1764660992.9386,3.505,-6.232,-43.92,37.69
p1,1764660993.0559,3.504,-6.917,-35.17,28.25
p1,1764660993.1876,3.503,-7.414,-45.66,38.24
p1,1764661003.0161,3.503,-16.29,-48.83,32.54
p1,1764661003.0381,3.506,-16.35,-45.42,29.07
p1,1764661003.1551,3.503,-16.45,-48.98,32.53
p1,1764661003.2871,3.504,-15.96,-46.37,30.4
G,1764661011,13.079515,-16.770136667,14.9
C,1764661011.874,4,0
p1,1764661013.1154,3.502,-13.57,-41.79,28.22
p1,1764661013.1374,3.505,-13.38,-44.77,31.38
p1,1764661013.2546,3.504,-12.4,-52.39,39.99
p1,1764661013.3864,3.503,-11.81,-42.03,30.22
p1,1764661023.2149,3.503,-15.92,-50.78,34.86
p1,1764661023.2368,3.506,-16.14,-55.73,39.59
p1,1764661023.3541,3.505,-16.23,-51.37,35.13
p1,1764661023.4859,3.504,-15.79,-53.37,37.58
p1,1764661033.3144,3.504,-15.63,-53.56,37.93
p1,1764661033.3364,3.507,-15.73,-51.01,35.28
p1,1764661033.4536,3.506,-15.7,-44.03,28.33
p1,1764661033.5854,3.505,-15.52,-51.15,35.64
p1,1764661043.4139,3.505,-21.1,-51.11,30
p1,1764661043.4359,3.507,-21.29,-49.53,28.23
p1,1764661043.5528,3.504,-22.04,-54.18,32.14
p1,1764661043.6849,3.506,-22.94,-51.17,28.22
C,1764661051.883,5,0
p1,1764661053.5131,3.504,-17.89,-47.7,29.8
p1,1764661053.5351,3.507,-17.88,-50.04,32.16
p1,1764661053.6523,3.506,-18.12,-55.96,37.84
p1,1764661053.7841,3.505,-18.64,-50.75,32.11
p1,1764661063.6126,3.504,-9.294,-47.55,38.26
p1,1764661063.6346,3.507,-9.761,-49.98,40.22
p1,1764661063.7519,3.507,-11.59,-44.43,32.84
p1,1764661063.8836,3.506,-11.61,-52.08,40.47
G,1764661071,13.079516667,-16.770135,16.3
C,1764661071.883,4,0
p1,1764661073.7121,3.505,-25.47,-63.38,37.91
p1,1764661073.7341,3.508,-25.86,-60.8,34.94
p1,1764661073.8511,3.505,-28.16,-56.18,28.01
p1,1764661073.9831,3.506,-29.43,-64.3,34.86
p1,1764661083.8116,3.506,-9.827,-40.34,30.51
p1,1764661083.8336,3.509,-9.714,-37.68,27.95
p1,1764661083.9506,3.506,-8.744,-43.97,35.23
p1,1764661084.0826,3.507,-7.799,-36.35,28.55
C,1764661091.881,5,0
p1,1764661093.9108,3.505,-5.069,-35.35,30.27
p1,1764661093.9328,3.508,-4.755,-37.73,32.97
p1,1764661094.0501,3.507,-4.009,-44.35,40.34
p1,1764661094.1818,3.506,-3.741,-36.1,32.36
p1,1764661104.0103,3.506,-2.916,-41.17,38.25
p1,1764661104.0323,3.509,-2.876,-42.68,39.8
p1,1764661104.1495,3.508,-2.954,-35.36,32.4
p1,1764661104.2813,3.507,-2.901,-42.77,39.87
p1,1764661114.1098,3.507,-2.949,-40.57,37.62
p1,1764661114.1318,3.509,-2.98,-35.3,32.31
p1,1764661114.2488,3.507,-3.051,-31.17,28.11
p1,1764661114.3808,3.508,-3.029,-37.36,34.33
p1,1764661124.2093,3.507,-2.973,-32.43,29.45
p1,1764661124.2310,3.509,-3.025,-31.42,28.39
p1,1764661124.3483,3.507,-3.023,-38.43,35.41
p1,1764661124.4803,3.508,-3.088,-30.4,27.31
G,1764661131,13.07951,-16.770136667,16.5
C,1764661132.002,4,0
p1,1764661134.3085,3.506,-2.704,-33.41,30.7
p1,1764661134.3305,3.509,-2.684,-37.86,35.17
p1,1764661134.4478,3.508,-2.666,-41.78,39.12
p1,1764661134.5795,3.508,-2.741,-36.62,33.87
p1,1764661144.4080,3.507,-13.06,-52.46,39.4
p1,1764661144.4300,3.51,-12.95,-53.18,40.23
p1,1764661144.5473,3.509,-13.16,-44.9,31.73
p1,1764661144.6790,3.509,-12.52,-52.22,39.7
C,1764661152.003,5,0
p1,1764661154.5075,3.507,-13.3,-48.44,35.14
p1,1764661154.5295,3.51,-13.31,-46.04,32.72
p1,1764661154.6465,3.508,-13.84,-42.64,28.79
p1,1764661154.7785,3.509,-14.79,-47.41,32.61
p1,1764661164.6070,3.508,-4.149,-32.66,28.5
p1,1764661164.6288,3.51,-4.05,-32.34,28.28
p1,1764661164.7460,3.509,-3.831,-40.38,36.55
p1,1764661164.8778,3.508,-4.057,-32.62,28.55
C,1764661172.004,4,0
p1,1764661174.7063,3.507,-12.92,-45.58,32.67
p1,1764661174.7283,3.51,-12.88,-47.92,35.04
p1,1764661174.8455,3.509,-12.72,-50.42,37.7
p1,1764661174.9773,3.51,-12.97,-48.34,35.38
p1,1764661184.8058,3.508,-7.167,-47.36,40.2
p1,1764661184.8278,3.511,-7.193,-46.56,39.36
p1,1764661184.9450,3.51,-7.095,-37.38,30.28
p1,1764661185.0767,3.509,-6.718,-47.02,40.3
G,1764661191,13.079503333,-16.770133333,16.3
p1,1764661194.9920,3.509,-5.443,-40.65,35.21
p1,1764661195.0140,3.512,-5.465,-38.29,32.82
p1,1764661195.1310,3.509,-5.521,-34.54,29.01
p1,1764661195.2630,3.51,-5.512,-38.24,32.73
p1,1764661205.0915,3.51,-3.407,-31.82,28.41
p1,1764661205.1132,3.511,-3.392,-31.86,28.46
p1,1764661205.2305,3.51,-3.292,-40.2,36.91
p1,1764661205.3622,3.51,-3.408,-32.04,28.62
C,1764661212.004,5,0
p1,1764661215.1908,3.509,-3.345,-36.23,32.88
p1,1764661215.2128,3.512,-3.302,-38.31,35.01
p1,1764661215.3300,3.51,-3.291,-40.95,37.66
p1,1764661215.4617,3.51,-3.312,-38.71,35.4
p1,1764661225.2902,3.509,-3.373,-43.95,40.58
p1,1764661225.3122,3.512,-3.421,-43.06,39.64
p1,1764661225.4295,3.511,-3.445,-33.65,30.2
p1,1764661225.5612,3.511,-3.354,-43.5,40.14
C,1764661232.005,4,0
p1,1764661235.3897,3.51,-3.351,-38.88,35.52
p1,1764661235.4117,3.513,-3.365,-34.63,31.26
p1,1764661235.5287,3.51,-3.439,-34.16,30.72
p1,1764661235.6607,3.511,-3.473,-36.01,32.53
p1,1764661245.4892,3.511,-4.023,-32.53,28.5
p1,1764661245.5110,3.512,-3.979,-33.14,29.15
p1,1764661245.6282,3.511,-3.921,-42.17,38.25
p1,1764661245.7600,3.511,-4.011,-32.32,28.31
G,1764661251,13.079501667,-16.770135,16.2
p1,1764661255.5885,3.51,-3.942,-36.54,32.59
p1,1764661255.6105,3.513,-3.888,-40.86,36.98
p1,1764661255.7277,3.512,-3.903,-42.07,38.16
p1,1764661255.8595,3.511,-3.914,-38.99,35.08
p1,1764661265.6880,3.51,-3.88,-43.96,40.08
p1,1764661265.7100,3.513,-3.883,-41.67,37.78
p1,1764661265.8272,3.512,-3.964,-34.42,30.46
p1,1764661265.9589,3.512,-3.875,-43.46,39.59
C,1764661272.004,5,0
p1,1764661275.7875,3.511,-3.9,-38.24,34.34
p1,1764661275.8095,3.514,-3.955,-34.4,30.44
p1,1764661275.9264,3.511,-3.953,-34.29,30.33
p1,1764661276.0584,3.513,-3.916,-35.58,31.66
p1,1764661285.8870,3.512,-3.95,-31.42,27.46
p1,1764661285.9087,3.513,-3.916,-34.43,30.51
p1,1764661286.0259,3.512,-3.847,-41.73,37.89
p1,1764661286.1577,3.511,-3.921,-32.74,28.81
C,1764661292.004,4,0
p1,1764661295.9862,3.511,-3.85,-37.39,33.53
p1,1764661296.0082,3.514,-3.835,-42.08,38.24
p1,1764661296.1254,3.512,-3.835,-41.54,37.71
p1,1764661296.2572,3.512,-3.827,-40.38,36.55
p1,1764661306.0857,3.511,-3.814,-43.71,39.9
p1,1764661306.1077,3.514,-3.827,-41.9,38.07
p1,1764661306.2249,3.512,-3.891,-33.61,29.72
p1,1764661306.3567,3.512,-3.814,-41.57,37.75
G,1764661311,13.079498333,-16.770131667,16
C,1764661312.004,5,0
p1,1764661316.1852,3.512,-3.849,-36.52,32.67
p1,1764661316.2072,3.514,-3.867,-34.42,30.55
p1,1764661316.3242,3.512,-3.846,-34.47,30.62
p1,1764661316.4562,3.513,-3.871,-34.31,30.44
p1,1764661326.2844,3.51,-4.233,-32.75,28.52
p1,1764661326.3064,3.514,-4.194,-34.45,30.25
p1,1764661326.4237,3.512,-4.097,-42.93,38.83
p1,1764661326.5554,3.512,-4.186,-34.7,30.51
C,1764661332.004,4,0
p1,1764661336.3839,3.51,-4.321,-39.77,35.45
p1,1764661336.4059,3.513,-4.279,-42.25,37.97
p1,1764661336.5232,3.512,-4.202,-39.24,35.04
p1,1764661336.6549,3.512,-4.206,-42.38,38.18
p1,1764661346.4834,3.511,-3.909,-44.26,40.35
p1,1764661346.5054,3.514,-3.898,-41.23,37.33
p1,1764661346.6227,3.512,-4.009,-32.4,28.38
p1,1764661346.7544,3.512,-3.951,-42.16,38.21
p1,1764661356.5829,3.511,-3.801,-36.47,32.67
p1,1764661356.6049,3.514,-3.816,-33.14,29.32
p1,1764661356.7219,3.511,-3.795,-36.62,32.83
p1,1764661356.8539,3.512,-3.815,-34.43,30.61
p1,1764661366.6822,3.511,-3.687,-32.07,28.37
p1,1764661366.7042,3.514,-3.624,-34.51,30.89
p1,1764661366.8214,3.512,-3.58,-43.96,40.38
p1,1764661366.9531,3.512,-3.665,-33.98,30.31
G,1764661371,13.079491667,-16.77013,15.6
C,1764661372.002,5,0
p1,1764661376.7816,3.511,-3.621,-38.65,35.03
p1,1764661376.8036,3.514,-3.569,-42.56,38.99
p1,1764661376.9209,3.513,-3.62,-39.1,35.48
p1,1764661377.0526,3.513,-3.596,-41.46,37.87
p1,1764661386.8811,3.512,-3.574,-43.61,40.04
p1,1764661386.9031,3.514,-3.589,-38.72,35.13
p1,1764661387.0204,3.513,-3.687,-32.3,28.6
p1,1764661387.1521,3.513,-3.586,-41.41,37.82
C,1764661392.005,4,0
p1,1764661396.9806,3.512,-3.641,-35.85,32.21
p1,1764661397.0026,3.515,-3.691,-32.16,28.46
p1,1764661397.1196,3.512,-3.642,-36.4,32.76
p1,1764661397.2516,3.513,-3.66,-33.46,29.79
p1,1764661407.0799,3.511,-3.68,-32.17,28.48
p1,1764661407.1019,3.514,-3.634,-36.46,32.83
p1,1764661407.2191,3.513,-3.586,-43.86,40.28
p1,1764661407.3509,3.513,-3.639,-34.13,30.49
p1,1764661417.1794,3.511,-3.587,-39.4,35.81
p1,1764661417.2014,3.515,-3.584,-43.96,40.38
p1,1764661417.3186,3.513,-3.609,-38.9,35.29
p1,1764661417.4504,3.513,-3.57,-42.11,38.54
p1,1764661427.2788,3.512,-3.599,-41.34,37.74
p1,1764661427.3009,3.515,-3.624,-39.16,35.54
p1,1764661427.4181,3.513,-3.709,-31.53,27.81
p1,1764661427.5499,3.513,-3.621,-38.93,35.31
G,1764661431,13.079481667,-16.770131667,15.4
C,1764661432.005,5,0
p1,1764661437.3783,3.512,-3.675,-34.11,30.44
p1,1764661437.4004,3.515,-3.701,-32.24,28.53
p1,1764661437.5173,3.513,-3.623,-36.58,32.96
p1,1764661437.6493,3.514,-3.706,-32.01,28.29
p1,1764661447.4776,3.511,-3.663,-34.3,30.64
p1,1764661447.4996,3.514,-3.63,-36.03,32.4
p1,1764661447.6168,3.513,-3.559,-43.08,39.52
p1,1764661447.7486,3.513,-3.636,-36.64,33
C,1764661452.004,4,0
p1,1764661457.5771,3.512,-3.594,-41.56,37.96
p1,1764661457.5991,3.514,-3.577,-43.83,40.25
p1,1764661457.7163,3.513,-3.622,-36.34,32.72
p1,1764661457.8481,3.513,-3.585,-43.86,40.28
p1,1764661467.6766,3.512,-3.625,-41.94,38.31
p1,1764661467.6986,3.515,-3.626,-38.41,34.78
p1,1764661467.8156,3.513,-3.715,-32.04,28.32
p1,1764661467.9476,3.513,-3.636,-38.92,35.28
C,1764661472.004,5,0
p1,1764661477.7761,3.512,-3.692,-34.09,30.4
p1,1764661477.7981,3.515,-3.715,-31.29,27.57
p1,1764661477.9151,3.513,-3.641,-39.27,35.63
p1,1764661478.0471,3.514,-3.719,-32.3,28.58
p1,1764661487.8753,3.512,-3.692,-33.99,30.29
p1,1764661487.8973,3.515,-3.629,-36.79,33.16
p1,1764661488.0145,3.513,-3.619,-44.16,40.54
p1,1764661488.1463,3.513,-3.662,-36.31,32.64
G,1764661491,13.07947,-16.77013,15.5
C,1764661492.002,4,0
p1,1764661497.9748,3.512,-3.623,-41.35,37.73
p1,1764661497.9968,3.515,-3.594,-43.21,39.62
p1,1764661498.1140,3.513,-3.668,-36.41,32.74
p1,1764661498.2458,3.513,-3.612,-43.81,40.19
p1,1764661508.0743,3.512,-3.624,-41.52,37.9
p1,1764661508.0963,3.515,-3.66,-36.38,32.72
p1,1764661508.2133,3.513,-3.728,-32.05,28.31
p1,1764661508.3453,3.514,-3.639,-38.45,34.81
C,1764661516.82,4,0
p1,1764661518.1738,3.512,-3.682,-33.44,29.75
p1,1764661518.1956,3.514,-3.71,-32.06,28.34
p1,1764661518.3128,3.513,-3.629,-38.76,35.13
p1,1764661518.4448,3.514,-3.701,-31.51,27.8
p1,1764661528.2731,3.512,-3.664,-34.25,30.58
p1,1764661528.2950,3.515,-3.634,-39.02,35.39
p1,1764661528.4123,3.513,-3.608,-43.94,40.33
p1,1764661528.5440,3.513,-3.632,-36.61,32.97
C,1764661532.006,5,0
p1,1764661538.3726,3.512,-3.564,-42.04,38.48
p1,1764661538.3946,3.515,-3.577,-44.11,40.53
p1,1764661538.5118,3.514,-3.625,-36.06,32.44
p1,1764661538.6435,3.514,-3.56,-43.2,39.64
p1,1764661548.4721,3.513,-3.612,-38.55,34.94
p1,1764661548.4940,3.516,-3.65,-36.57,32.92
p1,1764661548.6110,3.513,-3.697,-32.1,28.4
p1,1764661548.7431,3.514,-3.641,-36.34,32.69
G,1764661551,13.07947,-16.77013,15.2
C,1764661552.005,4,0
p1,1764661558.5715,3.513,-3.722,-32.01,28.28
p1,1764661558.5933,3.515,-3.723,-32.08,28.35
p1,1764661558.7105,3.513,-3.621,-38.95,35.33
p1,1764661558.8423,3.513,-3.726,-32.24,28.51
p1,1764661568.6708,3.512,-3.663,-36.44,32.77
p1,1764661568.6928,3.515,-3.631,-38.63,35
p1,1764661568.8100,3.514,-3.587,-41.62,38.04
p1,1764661568.9418,3.513,-3.636,-39.17,35.53
p1,1764661578.7703,3.513,-3.626,-44.16,40.53
p1,1764661578.7923,3.515,-3.609,-43.98,40.37
p1,1764661578.9095,3.514,-3.682,-34.14,30.45
p1,1764661579.0413,3.514,-3.621,-44.04,40.42
p1,1764661588.8698,3.513,-3.602,-38.86,35.26
p1,1764661588.8917,3.516,-3.612,-35.59,31.97
p1,1764661589.0088,3.514,-3.648,-33.78,30.13
p1,1764661589.1408,3.514,-3.624,-36.27,32.65
C,1764661592.004,5,0
p1,1764661598.9692,3.514,-3.68,-32.22,28.53
p1,1764661598.9910,3.516,-3.651,-32.13,28.47
p1,1764661599.1082,3.514,-3.582,-42,38.42
p1,1764661599.2400,3.513,-3.681,-32.01,28.32
p1,1764661609.0685,3.512,-6.784,-39.29,32.5
p1,1764661609.0905,3.515,-6.699,-42.96,36.26
p1,1764661609.2077,3.514,-6.508,-44.67,38.16
p1,1764661609.3395,3.514,-5.78,-40.92,35.13
G,1764661611,13.07947,-16.770133333,15.1
C,1764661612.002,4,0
p1,1764661619.1680,3.513,-4.12,-44.32,40.2
p1,1764661619.1900,3.516,-4.311,-42.08,37.77
p1,1764661619.3073,3.515,-5.725,-36.28,30.56
p1,1764661619.4390,3.514,-5.823,-45.94,40.12
p1,1764661629.2675,3.513,-3.556,-38.09,34.53
p1,1764661629.2895,3.516,-3.6,-33.89,30.29
p1,1764661629.4065,3.514,-3.604,-34.04,30.43
p1,1764661629.5385,3.514,-3.571,-35.63,32.06
C,1764661632.005,5,0
p1,1764661639.3670,3.513,-3.669,-31.41,27.73
p1,1764661639.3887,3.515,-3.635,-34.16,30.52
p1,1764661639.5060,3.514,-3.552,-41.49,37.94
p1,1764661639.6377,3.513,-3.616,-32.18,28.56
p1,1764661649.4662,3.513,-3.546,-36.63,33.08
p1,1764661649.4882,3.515,-3.532,-41.99,38.46
p1,1764661649.6055,3.514,-3.533,-41.59,38.06
p1,1764661649.7372,3.514,-3.518,-39.41,35.89
C,1764661652.002,4,0
p1,1764661659.5657,3.513,-3.506,-43.17,39.66
p1,1764661659.5877,3.516,-3.537,-41.9,38.36
p1,1764661659.7050,3.514,-3.666,-33.89,30.22
p1,1764661659.8367,3.514,-3.685,-41.81,38.13
p1,1764661669.6652,3.513,-3.529,-36.05,32.52
p1,1764661669.6872,3.516,-3.569,-34.01,30.43
p1,1764661669.8042,3.514,-3.556,-33.82,30.26
p1,1764661669.9362,3.515,-3.552,-34.04,30.48
G,1764661671,13.07947,-16.770138333,14.6
p1,1764661679.7644,3.513,-3.783,-32.02,28.23
p1,1764661679.7865,3.515,-3.749,-34.12,30.37
p1,1764661679.9037,3.514,-3.678,-41.6,37.92
p1,1764661680.0355,3.514,-3.769,-34.07,30.3
p1,1764661689.8639,3.513,-3.678,-39.12,35.44
p1,1764661689.8859,3.516,-3.653,-41.45,37.79
p1,1764661690.0032,3.515,-3.648,-39.35,35.7
p1,1764661690.1349,3.514,-3.662,-42.1,38.44
C,1764661692.004,5,0
p1,1764661699.9634,3.514,-3.479,-44.05,40.57
p1,1764661699.9854,3.516,-3.474,-41.61,38.13
p1,1764661700.1027,3.516,-3.557,-31.95,28.38
p1,1764661700.2344,3.515,-3.479,-41.68,38.2
p1,1764661710.0629,3.514,-3.552,-36.33,32.78
p1,1764661710.0849,3.517,-3.561,-33.77,30.2
p1,1764661710.2019,3.514,-3.541,-35.84,32.29
p1,1764661710.3340,3.515,-3.571,-34.02,30.44
C,1764661712.004,4,0
p1,1764661720.1622,3.513,-3.573,-31.95,28.37
p1,1764661720.1842,3.516,-3.516,-33.99,30.47
p1,1764661720.3014,3.515,-3.465,-43.75,40.29
p1,1764661720.4332,3.514,-3.539,-33.92,30.38
p1,1764661730.2617,3.513,-3.538,-38.75,35.21
p1,1764661730.2837,3.516,-3.483,-42,38.52
p1,1764661730.4009,3.515,-3.497,-38.95,35.46
p1,1764661730.5326,3.515,-3.426,-41.48,38.06
G,1764661731,13.079468333,-16.770143333,14.2
C,1764661732.003,5,0
p1,1764661740.3612,3.514,-3.495,-43.7,40.2
p1,1764661740.3832,3.517,-3.502,-38.88,35.37
p1,1764661740.5004,3.515,-3.602,-32.2,28.59
p1,1764661740.6322,3.515,-3.493,-41.42,37.93
p1,1764661750.4606,3.514,-3.513,-35.74,32.22
p1,1764661750.4827,3.517,-3.569,-31.99,28.42
p1,1764661750.5997,3.515,-3.52,-35.92,32.4
p1,1764661750.7317,3.515,-3.539,-33.16,29.62
p1,1764661760.5599,3.513,-3.576,-32.27,28.69
p1,1764661760.5819,3.516,-3.54,-36.21,32.67
p1,1764661760.6991,3.515,-3.489,-43.64,40.15
p1,1764661760.8309,3.515,-3.539,-34.53,30.99
p1,1764661770.6594,3.514,-3.49,-39.85,36.36
p1,1764661770.6814,3.517,-3.489,-44.02,40.53
p1,1764661770.7987,3.515,-3.511,-38.46,34.95
p1,1764661770.9304,3.515,-3.474,-42.99,39.52
C,1764661772.004,4,0
p1,1764661780.7589,3.514,-3.49,-41.59,38.1
p1,1764661780.7809,3.517,-3.509,-38.9,35.39
p1,1764661780.8981,3.516,-3.592,-31.14,27.54
p1,1764661781.0299,3.516,-3.506,-38.63,35.12
p1,1764661790.8584,3.514,-3.568,-34.02,30.44
p1,1764661790.8804,3.517,-3.593,-31.98,28.38
p1,1764661790.9974,3.515,-3.51,-36.93,33.41
p1,1764661791.1294,3.516,-3.599,-32.1,28.5
G,1764661791,13.079468333,-16.770143333,14
C,1764661792.003,5,0
p1,1764661800.9577,3.514,-3.577,-34.12,30.54
p1,1764661800.9796,3.517,-3.532,-36.13,32.59
p1,1764661801.0969,3.515,-3.478,-43.49,40.01
p1,1764661801.2286,3.515,-3.543,-36.09,32.54
p1,1764661811.0571,3.514,-3.478,-41.36,37.88
p1,1764661811.0791,3.517,-3.447,-43.29,39.85
p1,1764661811.1964,3.516,-3.51,-36.24,32.73
p1,1764661811.3281,3.516,-3.461,-43.7,40.24
C,1764661812.004,4,0
p1,1764661821.1567,3.514,-3.477,-41.76,38.28
p1,1764661821.1786,3.517,-3.476,-37.2,33.72
p1,1764661821.2956,3.515,-3.569,-32.11,28.53
p1,1764661821.4276,3.516,-3.495,-38.87,35.38
p1,1764661831.2561,3.515,-3.54,-34.02,30.48
p1,1764661831.2779,3.517,-3.57,-30.86,27.28
p1,1764661831.2781,-4.686,-13.24,-33.47,20.19
p1,1764661831.3951,3.515,-3.49,-39.05,35.56
p1,1764661831.5271,3.516,-3.562,-32.07,28.5
p1,1764661841.3554,3.514,-3.537,-33.61,30.07
p1,1764661841.3774,3.517,-3.473,-38.04,34.56
p1,1764661841.4946,3.516,-3.462,-43.69,40.23
p1,1764661841.6264,3.515,-3.505,-35.81,32.3
p1,1764661851.4549,3.514,-3.461,-41.48,38.01
p1,1764661851.4768,3.517,-3.457,-43.83,40.37
p1,1764661851.5941,3.516,-3.516,-36.3,32.78
p1,1764661851.7258,3.515,-3.441,-43.08,39.64
G,1764661851,13.079466667,-16.770146667,14
C,1764661852.002,5,0
p1,1764661861.5543,3.514,-3.454,-40.12,36.66
p1,1764661861.5764,3.517,-3.505,-36.19,32.68
p1,1764661861.6933,3.515,-3.56,-32.01,28.44
p1,1764661861.8253,3.516,-3.471,-36.93,33.46
p1,1764661871.6538,3.515,-3.543,-32.18,28.63
p1,1764661871.6756,3.517,-3.56,-32,28.43
p1,1764661871.7928,3.515,-3.471,-38.63,35.15
p1,1764661871.9246,3.515,-3.557,-31.04,27.48
C,1764661872.004,4,0
p1,1764661881.7531,3.514,-3.518,-35.45,31.93
p1,1764661881.7751,3.517,-3.495,-38.7,35.2
p1,1764661881.8923,3.516,-3.455,-42.58,39.12
p1,1764661882.0241,3.515,-3.496,-38.41,34.91
p1,1764661891.8526,3.514,-3.351,-43.4,40.05
p1,1764661891.8746,3.517,-3.354,-43.83,40.48
p1,1764661891.9918,3.516,-3.449,-34.7,31.25
p1,1764661892.1236,3.516,-3.454,-43.65,40.2
p1,1764661901.9521,3.515,-3.518,-38.76,35.24
p1,1764661901.9741,3.518,-3.527,-36.51,32.98
p1,1764661902.0911,3.515,-3.558,-32.9,29.34
p1,1764661902.2231,3.516,-3.538,-36.36,32.82
G,1764661911,13.079468333,-16.770148333,13.8
C,1764661912.005,5,0
p1,1764661912.0516,3.515,-3.627,-32.23,28.6
p1,1764661912.0733,3.517,-3.614,-31.79,28.17
p1,1764661912.1906,3.516,-3.524,-41.09,37.56
p1,1764661912.3223,3.515,-3.625,-32.11,28.48
p1,1764661922.1508,3.514,-3.529,-36.06,32.53
p1,1764661922.1728,3.517,-3.474,-38.65,35.17
p1,1764661922.2900,3.516,-3.488,-41.63,38.15
p1,1764661922.4218,3.516,-3.499,-38.6,35.1
C,1764661932.004,4,0
p1,1764661932.2503,3.514,-3.476,-43.68,40.2
p1,1764661932.2723,3.517,-3.452,-41.66,38.21
p1,1764661932.3896,3.516,-3.551,-34.11,30.55
p1,1764661932.5213,3.516,-3.471,-44,40.53
p1,1764661942.3498,3.515,-3.501,-39.01,35.5
p1,1764661942.3718,3.518,-3.519,-34.29,30.77
p1,1764661942.4888,3.516,-3.55,-34.06,30.51
p1,1764661942.6208,3.516,-3.519,-36.01,32.49
C,1764661952.004,5,0
p1,1764661952.4493,3.515,-3.653,-31.98,28.32
p1,1764661952.4710,3.517,-3.615,-33.52,29.9
p1,1764661952.5883,3.516,-3.577,-41.62,38.04
p1,1764661952.7200,3.516,-3.682,-31.96,28.27
p1,1764661962.5485,3.514,-3.507,-36.21,32.7
p1,1764661962.5706,3.518,-3.475,-41.66,38.18
p1,1764661962.6878,3.516,-3.482,-41.89,38.4
p1,1764661962.8195,3.515,-3.479,-38.65,35.17
G,1764661971,13.079468333,-16.770148333,13.7
C,1764661972.002,4,0
p1,1764661972.6480,3.515,-3.457,-43.08,39.63
p1,1764661972.6700,3.518,-3.484,-41.46,37.98
p1,1764661972.7873,3.517,-3.551,-33.92,30.36
p1,1764661972.9190,3.517,-3.456,-41.95,38.49
p1,1764661982.7475,3.515,-3.657,-37.03,33.37
p1,1764661982.7695,3.519,-3.71,-34.23,30.51
p1,1764661982.8865,3.516,-3.681,-34.06,30.38
p1,1764661983.0185,3.517,-3.591,-34.34,30.75
p1,1764661992.8468,3.515,-7.422,-31.38,23.94
p1,1764661992.8470,3.516,-3.567,-30.7,27.12
p1,1764661992.8688,3.518,-3.532,-33.8,30.26
p1,1764661992.9860,3.517,-3.451,-41.5,38.05
p1,1764661993.1178,3.516,-3.524,-32.85,29.32
p1,1764662002.9463,3.515,-3.485,-37.38,33.89
p1,1764662002.9683,3.518,-3.475,-41.44,37.96
p1,1764662003.0855,3.516,-3.471,-40.88,37.41
p1,1764662003.2173,3.516,-3.466,-40.43,36.97
C,1764662011.893,5,0
p1,1764662013.0458,3.515,-3.464,-43.56,40.09
p1,1764662013.0678,3.518,-3.475,-41.58,38.1
p1,1764662013.1850,3.517,-3.54,-33.17,29.63
p1,1764662013.3168,3.517,-3.475,-41.24,37.77
p1,1764662023.1452,3.516,-3.518,-35.95,32.43
p1,1764662023.1672,3.519,-3.536,-34.21,30.67
p1,1764662023.2842,3.516,-3.521,-34.05,30.52
p1,1764662023.4162,3.517,-3.548,-34.04,30.49
G,1764662031,13.079468333,-16.77015,13.5
C,1764662031.893,4,0
p1,1764662033.2445,3.515,-3.587,-32.23,28.64
p1,1764662033.2665,3.518,-3.551,-33.7,30.14
p1,1764662033.3838,3.517,-3.456,-42.41,38.95
p1,1764662033.5155,3.517,-3.548,-34.08,30.53
p1,1764662043.3440,3.516,-3.498,-38.99,35.49
p1,1764662043.3660,3.519,-3.463,-41.35,37.89
p1,1764662043.4832,3.517,-3.491,-38.4,34.91
p1,1764662043.6150,3.517,-3.491,-41.77,38.27
p1,1764662053.4435,3.516,-3.409,-43.96,40.55
p1,1764662053.4655,3.519,-3.399,-40.64,37.24
p1,1764662053.5827,3.518,-3.509,-31.71,28.2
p1,1764662053.7145,3.517,-3.411,-41.46,38.05
p1,1764662063.5430,3.516,-3.709,-36.38,32.67
p1,1764662063.5650,3.519,-3.724,-33.37,29.64
p1,1764662063.6820,3.517,-3.725,-36.49,32.77
p1,1764662063.8140,3.517,-3.763,-34.36,30.59
C,1764662071.896,5,0
p1,1764662073.6422,3.515,-3.566,-31.95,28.37
p1,1764662073.6642,3.518,-3.499,-34.32,30.82
p1,1764662073.7815,3.517,-3.458,-43.83,40.37
p1,1764662073.9132,3.517,-3.543,-33.8,30.25
p1,1764662083.7417,3.516,-3.509,-38.86,35.35
p1,1764662083.7637,3.518,-3.454,-42.15,38.69
p1,1764662083.8810,3.517,-3.504,-38.88,35.37
p1,1764662084.0127,3.517,-3.479,-41.28,37.8
G,1764662091,13.07947,-16.770151667,13.5
C,1764662091.895,4,0
p1,1764662093.8412,3.516,-3.517,-43.86,40.34
p1,1764662093.8632,3.519,-3.532,-38.76,35.22
p1,1764662093.9805,3.518,-3.636,-32.26,28.62
p1,1764662094.1122,3.518,-3.535,-41.54,38.01
p1,1764662103.9407,3.516,-4.16,-36.44,32.28
p1,1764662103.9627,3.519,-4.201,-32.62,28.41
p1,1764662104.0797,3.517,-4.089,-36.58,32.49
p1,1764662104.2117,3.517,-4.08,-33.85,29.76
p1,1764662114.0399,3.517,-3.963,-32.47,28.5
p1,1764662114.0619,3.52,-3.912,-36.7,32.78
p1,1764662114.1792,3.519,-3.851,-44.09,40.24
p1,1764662114.3109,3.519,-3.932,-34.6,30.66
C,1764662117.283,4,0
p1,1764662124.1394,3.517,-3.946,-40.16,36.21
p1,1764662124.1615,3.521,-3.958,-44.44,40.48
p1,1764662124.2787,3.519,-4.015,-39.19,35.18
p1,1764662124.4104,3.519,-4.007,-43.04,39.03
p1,1764662134.2389,3.518,-4.019,-41.76,37.74
p1,1764662134.2609,3.52,-4.047,-39.45,35.4
p1,1764662134.3782,3.519,-4.145,-32.1,27.95
p1,1764662134.5099,3.519,-4.193,-39.23,35.04
p1,1764662144.3384,3.518,-4.719,-35.03,30.3
p1,1764662144.3604,3.521,-4.828,-33.39,28.56
p1,1764662144.4774,3.518,-5.01,-37.91,32.9
p1,1764662144.6094,3.519,-5.086,-33.49,28.4
G,1764662151,13.079473333,-16.770151667,13
p1,1764662154.4377,3.517,-3.57,-33.9,30.33
p1,1764662154.4597,3.52,-3.534,-36.23,32.69
p1,1764662154.5769,3.519,-3.467,-43.01,39.55
p1,1764662154.7087,3.519,-3.545,-36.33,32.79
p1,1764662164.5372,3.517,-3.148,-41.27,38.12
p1,1764662164.5592,3.52,-3.123,-43.17,40.04
p1,1764662164.6764,3.519,-3.164,-36.11,32.94
p1,1764662164.8082,3.519,-3.138,-43.43,40.29
C,1764662171.894,5,0
p1,1764662174.6367,3.518,-3.394,-41.56,38.16
p1,1764662174.6587,3.521,-3.398,-37.93,34.53
p1,1764662174.7756,3.519,-3.474,-31.77,28.29
p1,1764662174.9077,3.519,-3.391,-38.93,35.53
p1,1764662184.7361,3.518,-3.302,-33.71,30.4
p1,1764662184.7582,3.521,-3.319,-30.76,27.44
p1,1764662184.8752,3.518,-3.218,-38.57,35.35
p1,1764662185.0072,3.519,-3.252,-31.63,28.37
C,1764662191.896,4,0
p1,1764662194.8354,3.517,-3.021,-33.58,30.56
p1,1764662194.8574,3.521,-2.952,-36.05,33.1
p1,1764662194.9747,3.519,-2.941,-43.22,40.28
p1,1764662195.1064,3.518,-2.987,-35.34,32.35
p1,1764662204.9349,3.518,-2.966,-40.65,37.68
p1,1764662204.9569,3.521,-2.925,-42.66,39.74
p1,1764662205.0741,3.519,-3.007,-35.96,32.95
p1,1764662205.2059,3.519,-2.952,-42.94,39.99
G,1764662211,13.079471667,-16.770153333,13.3
C,1764662211.888,5,0
p1,1764662215.0344,3.518,-3.654,-41.46,37.8
p1,1764662215.0564,3.52,-3.691,-36.2,32.51
p1,1764662215.1734,3.519,-3.754,-32.17,28.41
p1,1764662215.3054,3.519,-3.666,-38.26,34.6
p1,1764662225.1339,3.518,-3.635,-32.91,29.27
p1,1764662225.1556,3.52,-3.661,-32.24,28.57
p1,1764662225.2729,3.518,-3.582,-38.61,35.03
p1,1764662225.4046,3.518,-7.585,-31.39,23.79
p1,1764662225.4049,3.519,-3.663,-31.04,27.36
p1,1764662235.2331,3.517,-3.562,-34.91,31.35
p1,1764662235.2551,3.52,-3.542,-38.79,35.24
p1,1764662235.3724,3.519,-3.509,-43.42,39.91
p1,1764662235.5041,3.519,-3.525,-37.54,34.01
p1,1764662245.3326,3.518,-3.328,-43.12,39.8
p1,1764662245.3546,3.521,-3.332,-43.66,40.33
p1,1764662245.4719,3.519,-3.381,-34.66,31.28
p1,1764662245.6036,3.519,-3.337,-43.47,40.14
C,1764662251.893,4,0
p1,1764662255.4321,3.518,-3.391,-38.51,35.11
p1,1764662255.4541,3.521,-3.4,-36.06,32.66
p1,1764662255.5711,3.519,-3.435,-32.7,29.26
p1,1764662255.7031,3.519,-3.421,-36.09,32.67
p1,1764662265.5316,3.518,-3.299,-31.89,28.58
p1,1764662265.5534,3.521,-3.289,-31.46,28.17
p1,1764662265.6706,3.519,-3.185,-40.1,36.91
p1,1764662265.8023,3.519,-3.3,-31.67,28.37
G,1764662271,13.079471667,-16.770155,13.3
p1,1764662275.6308,3.517,-4.062,-36.66,32.6
p1,1764662275.6528,3.521,-3.989,-39.21,35.22
p1,1764662275.7701,3.519,-3.871,-41.97,38.1
p1,1764662275.9018,3.519,-3.765,-38.89,35.12
p1,1764662285.7303,3.518,-3.444,-43.64,40.19
p1,1764662285.7523,3.52,-3.409,-42.21,38.8
p1,1764662285.8696,3.519,-3.458,-33.74,30.28
p1,1764662286.0013,3.519,-3.313,-43.66,40.35
p1,1764662295.8298,3.518,-3.127,-38.77,35.65
p1,1764662295.8518,3.521,-3.148,-33.91,30.76
p1,1764662295.9688,3.519,-3.165,-33.37,30.2
p1,1764662296.1008,3.519,-3.121,-35.95,32.83
p1,1764662305.9293,3.518,-3.4,-31.42,28.01
p1,1764662305.9511,3.52,-3.363,-33.82,30.45
p1,1764662306.0683,3.519,-3.313,-41.19,37.87
p1,1764662306.2001,3.519,-3.403,-31.61,28.2
p1,1764662316.0286,3.518,-3.113,-36.07,32.95
p1,1764662316.0506,3.521,-3.094,-41.15,38.06
p1,1764662316.1678,3.519,-3.098,-40.86,37.76
p1,1764662316.2996,3.519,-3.085,-39.05,35.96
p1,1764662326.1281,3.518,-3.068,-43,39.94
p1,1764662326.1501,3.521,-3.085,-41.42,38.34
p1,1764662326.2673,3.519,-3.149,-32.94,29.79
p1,1764662326.3991,3.519,-3.081,-41.33,38.25
G,1764662331,13.07947,-16.770155,13.5
C,1764662331.889,5,0
p1,1764662336.2276,3.518,-3.212,-36.11,32.9
p1,1764662336.2496,3.521,-3.216,-33.96,30.74
p1,1764662336.3666,3.519,-3.146,-34.12,30.97
p1,1764662336.4986,3.519,-3.129,-33.64,30.5
p1,1764662346.3268,3.518,-3.642,-32.17,28.52
p1,1764662346.3488,3.521,-3.59,-33.83,30.23
p1,1764662346.4661,3.519,-3.515,-43.23,39.72
p1,1764662346.5978,3.519,-3.629,-33.95,30.31
C,1764662351.899,4,0
p1,1764662356.4263,3.518,-3.188,-38.42,35.23
p1,1764662356.4483,3.521,-3.138,-41.18,38.04
p1,1764662356.5655,3.519,-3.19,-38.69,35.5
p1,1764662356.6973,3.519,-3.168,-41.3,38.13
p1,1764662366.5258,3.518,-3.366,-43.68,40.31
p1,1764662366.5478,3.521,-3.371,-38.77,35.4
p1,1764662366.6651,3.52,-3.478,-31.97,28.49
p1,1764662366.7968,3.519,-3.315,-41.22,37.91
C,1764662371.898,5,0
p1,1764662376.6253,3.519,-3.208,-35.24,32.03
p1,1764662376.6473,3.521,-3.258,-31.46,28.2
p1,1764662376.7643,3.519,-3.209,-35.57,32.36
p1,1764662376.8963,3.52,-3.228,-32.83,29.6
p1,1764662386.7245,3.518,-3.296,-31.86,28.56
p1,1764662386.7465,3.521,-3.251,-35.92,32.67
p1,1764662386.8638,3.52,-3.179,-43.23,40.05
p1,1764662386.9955,3.519,-3.231,-34.06,30.83
G,1764662391,13.079475,-16.770161667,13.3
p1,1764662396.8240,3.518,-2.785,-39.32,36.54
p1,1764662396.8460,3.521,-2.786,-43.31,40.53
p1,1764662396.9633,3.52,-2.934,-37.52,34.58
p1,1764662397.0950,3.52,-2.83,-41.94,39.11
p1,1764662406.9236,3.518,-3.015,-41.39,38.37
p1,1764662406.9455,3.521,-3.035,-38.24,35.2
p1,1764662407.0625,3.52,-7.049,-30.86,23.79
p1,1764662407.0628,3.52,-3.115,-30.28,27.15
p1,1764662407.1945,3.52,-3.028,-38.27,35.24
C,1764662411.898,4,0
p1,1764662417.0230,3.519,-3.052,-33.24,30.18
p1,1764662417.0450,3.522,-3.07,-31.37,28.3
p1,1764662417.1620,3.519,-2.983,-36.77,33.79
p1,1764662417.2940,3.52,-3.074,-31.66,28.58
p1,1764662427.1223,3.518,-3.289,-33.95,30.66
p1,1764662427.1443,3.521,-3.256,-35.91,32.65
p1,1764662427.2615,3.519,-3.229,-43.08,39.85
p1,1764662427.3933,3.519,-3.291,-35.8,32.51
C,1764662431.901,5,0
p1,1764662437.2218,3.518,-2.966,-41.02,38.05
p1,1764662437.2438,3.521,-2.906,-42.39,39.49
p1,1764662437.3610,3.52,-2.895,-35.5,32.6
p1,1764662437.4928,3.52,-2.817,-43.34,40.52
p1,1764662447.3213,3.518,-3.141,-41.21,38.07
p1,1764662447.3433,3.521,-3.151,-35.89,32.74
p1,1764662447.4602,3.519,-3.229,-31.85,28.61
p1,1764662447.5922,3.52,-3.142,-38.72,35.58
G,1764662451,13.079478333,-16.770158333,13.1
C,1764662451.891,4,0
p1,1764662457.4207,3.519,-3.315,-33.55,30.23
p1,1764662457.4425,3.521,-3.342,-31.23,27.88
p1,1764662457.5597,3.52,-3.264,-38.67,35.4
p1,1764662457.6918,3.52,-3.34,-31.68,28.33
p1,1764662467.5200,3.518,-3.208,-33.39,30.18
p1,1764662467.5420,3.521,-3.162,-38.78,35.61
p1,1764662467.6592,3.52,-3.149,-43.38,40.23
p1,1764662467.7910,3.52,-3.17,-35.96,32.79
p1,1764662477.6195,3.519,-3.117,-41.17,38.05
p1,1764662477.6415,3.521,-3.134,-43.49,40.36
p1,1764662477.7587,3.52,-3.236,-35.67,32.43
p1,1764662477.8905,3.52,-3.196,-42.74,39.54
p1,1764662487.7190,3.519,-3.031,-38.59,35.56
p1,1764662487.7410,3.522,-3.075,-35.57,32.49
p1,1764662487.8580,3.52,-3.134,-31.58,28.44
p1,1764662487.9900,3.52,-3.083,-35.55,32.47
C,1764662491.898,5,0
p1,1764662497.8185,3.519,-3.317,-31.61,28.29
p1,1764662497.8402,3.521,-3.311,-31.82,28.5
p1,1764662497.9575,3.52,-3.204,-38.42,35.21
p1,1764662498.0892,3.52,-3.313,-31.62,28.3
p1,1764662507.9177,3.519,-3.255,-36.11,32.86
p1,1764662507.9397,3.522,-3.222,-38.23,35
p1,1764662508.0570,3.52,-3.219,-41.26,38.04
p1,1764662508.1887,3.52,-3.293,-38.98,35.69
G,1764662511,13.079476667,-16.770158333,13
C,1764662511.9,4,0
p1,1764662518.0172,3.519,-3.229,-43.86,40.63
p1,1764662518.0392,3.522,-3.21,-43.14,39.93
p1,1764662518.1565,3.52,-3.295,-33.39,30.09
p1,1764662518.2882,3.52,-3.222,-43.52,40.3
p1,1764662528.1167,3.519,-3.247,-38.63,35.38
p1,1764662528.1387,3.522,-3.258,-34.6,31.34
p1,1764662528.2557,3.52,-3.293,-33.98,30.69
p1,1764662528.3877,3.52,-3.267,-36.35,33.08
p1,1764662538.2162,3.519,-3.36,-32.03,28.66
p1,1764662538.2379,3.522,-3.323,-32.3,28.98
p1,1764662538.3557,3.52,-3.261,-41.28,38.02
p1,1764662538.4869,3.52,-3.346,-31.83,28.48
p1,1764662548.3154,3.519,-3.277,-36.09,32.81
p1,1764662548.3374,3.522,-3.227,-40.5,37.28
p1,1764662548.4547,3.52,-3.243,-41.33,38.08
p1,1764662548.5865,3.52,-3.249,-38.56,35.31
C,1764662551.902,5,0
p1,1764662558.4150,3.519,-3.273,-44.89,41.61
p1,1764662558.4369,3.522,-3.216,-40.92,37.7
p1,1764662558.5542,3.521,-3.288,-33.93,30.63
p1,1764662558.6859,3.52,-3.187,-42.06,38.88
p1,1764662568.5144,3.519,-3.222,-36.92,33.7
p1,1764662568.5364,3.522,-3.277,-33.87,30.58
p1,1764662568.6534,3.52,-3.281,-33.68,30.39
p1,1764662568.7854,3.521,-3.25,-33.98,30.73
G,1764662571,13.079475,-16.770156667,13.1
C,1764662571.9,4,0
p1,1764662578.6137,3.519,-3.349,-30.78,27.43
p1,1764662578.6357,3.521,-3.313,-33.81,30.5
p1,1764662578.7529,3.52,-3.236,-41.32,38.08
p1,1764662578.8847,3.52,-3.314,-32.78,29.46
p1,1764662588.7132,3.519,-3.234,-37.85,34.61
p1,1764662588.7352,3.522,-3.22,-41.1,37.88
p1,1764662588.8524,3.52,-3.214,-40.26,37.04
p1,1764662588.9842,3.521,-3.224,-40.67,37.45
C,1764662591.902,5,0
p1,1764662598.8127,3.519,-3.144,-43.26,40.11
p1,1764662598.8347,3.522,-3.123,-41.11,37.99
p1,1764662598.9519,3.521,-3.127,-32.06,28.93
p1,1764662599.0837,3.521,-3.076,-41.01,37.94
p1,1764662608.9122,3.519,-17.83,-50.65,32.81
p1,1764662608.9342,3.522,-17.97,-48.36,30.39
p1,1764662609.0512,3.52,-18.64,-50.64,32
p1,1764662609.1831,3.52,-19.75,-50.29,30.53
C,1764662611.9,4,0
p1,1764662619.0114,3.519,-33.33,-61.65,28.31
p1,1764662619.0334,3.522,-33.1,-63.24,30.14
p1,1764662619.1507,3.52,-32.22,-70.79,38.57
p1,1764662619.2824,3.52,-32.39,-62.53,30.13
p1,1764662629.1109,3.518,-48.16,-76.08,27.91
p1,1764662629.1329,3.523,-48.13,-76.83,28.69
p1,1764662629.2501,3.518,-48.26,-76,27.73
p1,1764662629.3819,3.52,-48.14,-75.46,27.31
G,1764662631,13.079378333,-16.769986667,14.5
p1,1764662639.2104,3.518,-60.43,-75.78,15.22
p1,1764662639.2324,3.529,-59.95,-76.65,16.61
p1,1764662639.3496,3.524,-59.48,-76.64,17.08
p1,1764662639.4814,3.52,-59.48,-77.01,17.46
p1,1764662649.3099,3.528,-68.72,-76.55,7.041
C,1764662651.903,5,0
p1,1764662669.5086,3.513,-69.48,-76.5,6.06
C,1764662671.902,4,0
G,1764662691,13.079355,-16.769325,15.4
p1,1764662709.9064,3.545,-69.96,-77.88,7.161
p1,1764662709.9284,3.548,-70.78,-77.81,6.068
p1,1764662710.0456,3.525,-69.22,-78.26,8.457
p1,1764662710.1774,3.516,-68.4,-76.64,7.542
C,1764662711.902,5,0
C,1764662717.7,5,0
C,1764662731.907,4,0
G,1764662751,13.079228333,-16.769635,11.9
C,1764662751.902,5,0
C,1764662771.902,4,0
p1,1764662790.7018,3.569,-67.45,-75.34,7.12
p1,1764662790.7238,3.545,-68.13,-75.16,6.07
C,1764662791.902,5,0
p1,1764662800.8013,3.543,-62.17,-75.98,13.62
p1,1764662800.8233,3.536,-62.61,-75.6,12.76
p1,1764662800.9403,3.532,-64.18,-76.1,11.63
p1,1764662801.0723,3.528,-61.88,-75.68,13.62
p1,1764662810.9005,3.515,-42.35,-70.63,28.28
p1,1764662810.9226,3.518,-42.22,-72.54,30.32
p1,1764662811.0398,3.517,-42.35,-75.06,32.7
p1,1764662811.1715,3.518,-42.97,-72.54,29.56
G,1764662811,13.079226667,-16.769635,11.8
p1,1764662821.0000,3.524,-15.7,-53.61,37.91
p1,1764662821.0220,3.534,-14.08,-53.79,39.72
p1,1764662821.1393,3.525,-22.58,-55.23,32.64
p1,1764662821.2710,3.547,-25.01,-65.23,40.22
p1,1764662831.0995,3.512,-30.24,-65.48,35.24
p1,1764662831.1215,3.515,-30.94,-63.41,32.47
p1,1764662831.2385,3.512,-30.98,-59.19,28.2
p1,1764662831.3705,3.512,-29.57,-62.11,32.54
C,1764662831.903,4,0
p1,1764662841.1990,3.514,-30.49,-59.09,28.59
p1,1764662841.2208,3.515,-29.7,-58.1,28.39
p1,1764662841.3380,3.515,-28.97,-66.42,37.45
p1,1764662841.4698,3.516,-27.95,-56.2,28.25
p1,1764662851.2983,3.512,-30.89,-63.87,32.98
p1,1764662851.3203,3.515,-30.75,-67.34,36.6
p1,1764662851.4375,3.514,-27.86,-65.74,37.88
p1,1764662851.5693,3.51,-20.07,-56.36,36.29
p1,1764662861.3978,3.508,-17.72,-57.89,40.17
p1,1764662861.4198,3.51,-17.79,-54.93,37.14
p1,1764662861.5370,3.508,-22.74,-51.07,28.32
p1,1764662861.6688,3.51,-26.92,-64.73,37.81
p1,1764662871.4973,3.508,-29.98,-60.94,30.96
p1,1764662871.5190,3.509,-34.58,-52.19,17.54
p1,1764662871.5193,3.511,-30.87,-59.26,28.38
p1,1764662871.6363,3.508,-37.34,-69.3,31.95
p1,1764662871.7683,3.512,-39.41,-67.77,28.35
G,1764662871,13.079425,-16.769131667,13.9
C,1764662871.902,5,0
p1,1764662881.5965,3.507,-27.7,-58.15,30.45
p1,1764662881.6185,3.51,-27.84,-60.41,32.57
p1,1764662881.7358,3.507,-30.21,-69.44,39.23
p1,1764662881.8675,3.511,-41.34,-71.03,29.69
p1,1764662891.6960,3.51,-28.08,-65.77,37.69
p1,1764662891.7180,3.511,-29.24,-68.78,39.53
p1,1764662891.8353,3.507,-45.49,-73.88,28.38
C,1764662891.903,4,0
p1,1764662891.9670,3.508,-31.31,-69.81,38.51
p1,1764662901.7955,3.509,-28.53,-63.6,35.06
p1,1764662901.8175,3.511,-29.34,-62.13,32.79
p1,1764662901.9345,3.505,-44.06,-72.35,28.28
p1,1764662902.0665,3.509,-32.04,-64.63,32.59
C,1764662911.903,5,0
p1,1764662911.8950,3.509,-29.17,-57.61,28.43
p1,1764662911.9167,3.51,-28.56,-57.92,29.36
p1,1764662912.0340,3.512,-27.96,-65.59,37.63
p1,1764662912.1658,3.507,-16.66,-44.88,28.22
p1,1764662921.9942,3.508,-27.08,-61.86,34.77
p1,1764662922.0163,3.51,-27.69,-65.41,37.71
p1,1764662922.1335,3.504,-31.25,-67.38,36.13
p1,1764662922.2652,3.505,-40.59,-72.22,31.63
G,1764662931,13.079543333,-16.768401667,16.8
C,1764662931.896,4,0
p1,1764662932.0937,3.502,-28.43,-67.9,39.46
p1,1764662932.1157,3.506,-28.56,-64.13,35.57
p1,1764662932.2330,3.506,-22.63,-51.11,28.47
p1,1764662932.3647,3.499,-18.14,-56.32,38.18
p1,1764662942.1932,3.509,-20.07,-50.18,30.11
p1,1764662942.2152,3.511,-23.11,-51.5,28.38
p1,1764662942.3322,3.504,-28.43,-60.86,32.43
p1,1764662942.4640,3.505,-37.79,-52.67,14.74
p1,1764662942.4642,3.506,-34.23,-62.26,28.03
p1,1764662952.2925,3.507,-38.02,-67.54,29.51
p1,1764662952.3145,3.51,-35.55,-67.63,32.08
p1,1764662952.4317,3.506,-21.37,-61.54,40.17
p1,1764662952.5635,3.505,-14.54,-47.08,32.54
p1,1764662962.3920,3.503,-28.42,-66.62,38.2
p1,1764662962.4139,3.503,-29.19,-68.84,39.65
p1,1764662962.5312,3.506,-34.54,-66.81,32.27
p1,1764662962.6630,3.506,-42.63,-73.75,31.12
C,1764662971.905,5,0
p1,1764662972.4915,3.506,-26.94,-62.12,35.18
p1,1764662972.5134,3.507,-25.35,-57.59,32.24
p1,1764662972.6305,3.502,-19.04,-49.02,29.97
p1,1764662972.7625,3.506,-21.62,-54.36,32.74
p1,1764662982.5910,3.505,-29.27,-57.41,28.13
p1,1764662982.6127,3.501,-29.95,-60.29,30.33
p1,1764662982.7300,3.506,-27.59,-64.72,37.13
p1,1764662982.8617,3.507,-32.94,-60.98,28.03
G,1764662991,13.079783333,-16.767768333,17.2
C,1764662991.904,4,0
p1,1764662992.6902,3.503,-14.75,-49.9,35.15
p1,1764662992.7122,3.507,-13.04,-50.84,37.8
p1,1764662992.8294,3.507,-11.93,-47.62,35.68
p1,1764662992.9612,3.511,-17.18,-55.34,38.16
p1,1764663002.7897,3.503,-16.31,-56.58,40.27
p1,1764663002.8117,3.506,-16.03,-51.55,35.52
p1,1764663002.9289,3.504,-22.58,-51.04,28.46
p1,1764663003.0607,3.504,-26.26,-64.11,37.85
C,1764663011.905,5,0
p1,1764663012.8892,3.505,-21.09,-51.52,30.42
p1,1764663012.9112,3.506,-21.55,-50.1,28.54
p1,1764663013.0282,3.504,-26.17,-58.63,32.46
p1,1764663013.1599,3.5,-32.73,-51.67,18.88
p1,1764663013.1602,3.502,-29.11,-57.38,28.27
p1,1764663022.9884,3.501,-29.53,-59.87,30.33
p1,1764663023.0104,3.504,-30.78,-63.39,32.6
p1,1764663023.1277,3.506,-33.81,-72.08,38.26
p1,1764663023.2594,3.505,-32.71,-65.22,32.51
p1,1764663033.0879,3.505,-34.54,-70.29,35.76
p1,1764663033.1099,3.508,-30.15,-68.85,38.69
p1,1764663033.2272,3.503,-20.34,-53.05,32.71
p1,1764663033.3589,3.502,-14.41,-54.03,39.62
p1,1764663043.1874,3.501,-19.44,-54.68,35.24
p1,1764663043.2094,3.503,-18.32,-51.14,32.82
p1,1764663043.3264,3.504,-20.08,-49.36,29.27
p1,1764663043.4584,3.506,-23.78,-56.38,32.6
G,1764663051,13.079715,-16.767046667,17
C,1764663051.897,4,0
p1,1764663053.2869,3.504,-26.83,-55.21,28.37
p1,1764663053.3087,3.503,-27.46,-57.16,29.69
p1,1764663053.4259,3.499,-32.84,-70.14,37.3
p1,1764663053.5577,3.502,-34.83,-63.16,28.32
p1,1764663063.3862,3.505,-32.89,-66.81,33.92
p1,1764663063.4082,3.506,-34.11,-70.51,36.4
p1,1764663063.5254,3.505,-32.32,-68.49,36.17
p1,1764663063.6572,3.504,-21.75,-59.24,37.49
C,1764663071.906,5,0
p1,1764663073.4857,3.5,-22.62,-62.68,40.06
p1,1764663073.5077,3.502,-21.72,-58.19,36.47
p1,1764663073.6249,3.501,-17.32,-45.76,28.43
p1,1764663073.7567,3.504,-20.71,-58.8,38.09
p1,1764663083.5851,3.504,-22.49,-53.27,30.78
p1,1764663083.6071,3.507,-24.2,-52.63,28.42
p1,1764663083.7241,3.499,-29.72,-62.15,32.43
p1,1764663083.8559,3.498,-40.41,-53.05,12.4
p1,1764663083.8562,3.501,-37.06,-65.27,28.2
C,1764663091.906,4,0
p1,1764663093.6844,3.504,-45.9,-73.67,27.77
p1,1764663093.7064,3.508,-51.46,-75.76,24.28
p1,1764663093.8236,3.503,-42.22,-73.22,31
p1,1764663093.9554,3.503,-21.51,-54.14,32.63
p1,1764663103.7839,3.5,-21.63,-59.39,37.76
p1,1764663103.8059,3.503,-20.17,-60.31,40.14
p1,1764663103.9231,3.504,-22.85,-55.59,32.75
p1,1764663104.0549,3.505,-27.85,-67.16,39.31
G,1764663111,13.079645,-16.766348333,17.8
p1,1764663113.8834,3.5,-32.2,-67.18,34.98
p1,1764663113.9054,3.501,-33.44,-65.8,32.35
p1,1764663114.0224,3.502,-40.28,-69.03,28.74
p1,1764663114.1544,3.502,-49.83,-74.19,24.34
p1,1764663123.9829,3.5,-32.68,-61.06,28.37
p1,1764663124.0046,3.501,-32.12,-61.45,29.33
p1,1764663124.1219,3.502,-30.49,-67.78,37.3
p1,1764663124.2536,3.503,-34.35,-62.15,27.79
C,1764663131.907,5,0
p1,1764663134.0821,3.499,-35.8,-69.33,33.53
p1,1764663134.1041,3.502,-36.61,-72.34,35.73
p1,1764663134.2214,3.503,-39.07,-72.72,33.64
p1,1764663134.3531,3.503,-35.77,-71.82,36.05
p1,1764663144.1816,3.502,-35.17,-72.49,37.31
p1,1764663144.2036,3.505,-34.83,-70.38,35.55
p1,1764663144.3208,3.507,-26.25,-54.98,28.73
p1,1764663144.4526,3.5,-18.71,-56.92,38.21
C,1764663151.906,4,0
p1,1764663154.2811,3.504,-26.05,-57.61,31.56
p1,1764663154.3031,3.506,-24.76,-53.2,28.43
p1,1764663154.4201,3.5,-18.32,-50.75,32.43
p1,1764663154.5521,3.503,-20.54,-49.45,28.9
p1,1764663164.3804,3.501,-31.05,-61.36,30.31
p1,1764663164.4024,3.504,-30.38,-62.68,32.29
p1,1764663164.5196,3.503,-27.47,-66.56,39.09
p1,1764663164.6514,3.496,-44.76,-73.65,28.88
G,1764663171,13.080193333,-16.766166667,15.1
C,1764663171.903,5,0
p1,1764663174.4798,3.503,-23.56,-61.25,37.69
p1,1764663174.5018,3.504,-24.26,-63.63,39.36
p1,1764663174.6191,3.504,-36.81,-68.94,32.13
p1,1764663174.7509,3.502,-32.57,-71.39,38.82
p1,1764663184.5793,3.499,-39.41,-71.83,32.42
p1,1764663184.6013,3.501,-38.07,-69.91,31.84
p1,1764663184.7184,3.503,-31.29,-59.54,28.25
p1,1764663184.8503,3.502,-37.01,-68.88,31.87
p1,1764663194.6788,3.503,-21.22,-49.77,28.54
p1,1764663194.7006,3.504,-21.19,-49.48,28.29
p1,1764663194.8178,3.502,-21.06,-59.15,38.09
p1,1764663194.9496,3.501,-21.32,-49.7,28.37
p1,1764663204.7781,3.498,-37.35,-69.5,32.14
p1,1764663204.8001,3.5,-37.63,-73.99,36.36
p1,1764663204.9173,3.501,-36,-72.79,36.79
p1,1764663205.0491,3.499,-39.62,-73.01,33.39
C,1764663211.909,4,0
p1,1764663214.8776,3.505,-63.28,-78.78,15.38
p1,1764663214.8996,3.5,-63.96,-79.32,15.23
p1,1764663215.0168,3.509,-63.89,-78.55,14.5
p1,1764663215.1486,3.504,-66.28,-78.05,11.47
p1,1764663224.9771,3.494,-64.7,-78.3,13.41
p1,1764663224.9991,3.505,-66.25,-78.64,12.13
p1,1764663225.1161,3.493,-67.39,-78.96,11.26
p1,1764663225.2481,3.503,-66.33,-78.55,11.95
G,1764663231,13.08038,-16.766215,15.5
C,1764663231.9,5,0
p1,1764663235.0763,3.508,-65.25,-77.95,12.46
p1,1764663235.0983,3.515,-65.48,-78.72,13.02
p1,1764663235.2156,3.51,-64.11,-79.23,14.98
p1,1764663235.3473,3.503,-65.6,-78.37,12.53
p1,1764663245.1758,3.48,-66.75,-78.85,11.83
p1,1764663245.1978,3.495,-67.38,-78.73,11.01
p1,1764663245.3151,3.501,-67.73,-78.36,10.23
p1,1764663245.4468,3.499,-68.45,-78.22,9.295
C,1764663251.906,4,0
p1,1764663255.4143,3.518,-70.34,-79.1,8.142
p1,1764663255.5463,3.504,-70.66,-78.36,6.894
p1,1764663265.5138,3.493,-70.37,-78.74,7.691
p1,1764663265.6456,3.534,-71.46,-78.46,6.029
G,1764663291,13.08038,-16.766213333,15.5
C,1764663291.907,5,0
C,1764663311.906,4,0
p1,1764663315.8718,3.507,-70.46,-78.47,7.262
p1,1764663315.8938,3.508,-71.1,-78.55,6.592
p1,1764663316.0110,3.492,-69.36,-78.65,8.748
p1,1764663316.1428,3.508,-70.07,-78.38,7.617
C,1764663318.168,4,0
p1,1764663325.9713,3.509,-66.25,-78.08,11.54
p1,1764663325.9933,3.511,-64.65,-78.19,13.35
p1,1764663326.1105,3.516,-65.68,-78.39,12.47
p1,1764663326.2423,3.517,-66.95,-78.21,10.92
C,1764663331.908,5,0
p1,1764663336.0708,3.504,-62.68,-78.28,15.48
p1,1764663336.0925,4.686,-72.27,-79.87,6.763
p1,1764663336.0928,3.507,-62.82,-78.1,15.15
p1,1764663336.2098,3.508,-63.08,-78.22,15
p1,1764663336.3418,3.509,-63.49,-78.26,14.62
p1,1764663346.1703,3.533,-71.03,-78.78,6.957
p1,1764663346.1920,3.501,-70.6,-79.11,7.842
p1,1764663346.3092,3.52,-69.11,-78.32,8.659
p1,1764663346.4410,3.512,-65.53,-78.97,13.24
G,1764663351,13.08038,-16.766211667,15.6
p1,1764663356.2695,3.505,-42.33,-77.3,34.97
p1,1764663356.2915,3.507,-42.74,-77.06,34.31
p1,1764663356.4088,3.509,-43.72,-72.62,28.9
p1,1764663356.5405,3.509,-45.13,-77.65,32.51
p1,1764663366.3690,3.497,-25.45,-60,34.55
p1,1764663366.3910,3.499,-25.5,-55.76,30.26
p1,1764663366.5080,3.496,-25.5,-55.73,30.23
p1,1764663366.6400,3.498,-25.45,-57.03,31.57
C,1764663371.91,4,0
p1,1764663376.4683,3.507,-25.58,-53.97,28.38
p1,1764663376.4902,3.509,-25.54,-55.7,30.16
p1,1764663376.6075,3.508,-25.44,-63.74,38.3
p1,1764663376.7392,3.508,-25.52,-55.93,30.4
p1,1764663386.5677,3.506,-25.18,-60.31,35.13
p1,1764663386.5897,3.508,-25.13,-63.62,38.5
p1,1764663386.7070,3.507,-25.14,-60.55,35.41
p1,1764663386.8387,3.507,-25.02,-62.92,37.9
C,1764663391.912,5,0
p1,1764663396.6672,3.476,-28.52,-66.34,37.82
p1,1764663396.6892,3.479,-28.44,-63.66,35.22
p1,1764663396.8065,3.508,-27.21,-55.6,28.38
p1,1764663396.9382,3.508,-27.4,-62.61,35.21
p1,1764663406.7667,3.478,-30,-60.2,30.19
p1,1764663406.7887,3.481,-29.93,-58.23,28.3
p1,1764663406.9057,3.477,-29.92,-63.86,33.93
p1,1764663407.0377,3.479,-29.88,-58.36,28.47
G,1764663411,13.080378333,-16.766213333,15.3
C,1764663411.909,4,0
p1,1764663416.8659,3.439,-39.6,-69.14,29.54
p1,1764663416.8880,3.444,-39.21,-71.14,31.92
p1,1764663417.0052,3.445,-38.78,-75.47,36.69
p1,1764663417.1370,3.443,-38.55,-70.36,31.81
p1,1764663426.9655,3.501,-31.15,-68.72,37.57
p1,1764663426.9875,3.504,-30.75,-70.24,39.49
p1,1764663427.1047,3.495,-30.79,-63.54,32.75
p1,1764663427.2365,3.494,-29.82,-68.93,39.11
p1,1764663437.0650,3.474,-35.06,-69.71,34.64
p1,1764663437.0870,3.477,-34.99,-67.53,32.54
p1,1764663437.2040,3.476,-35.92,-63.96,28.04
p1,1764663437.2042,3.479,-39.11,-52.8,13.5
p1,1764663437.3360,3.477,-35.41,-67.52,32.1
p1,1764663447.1642,3.493,-30.85,-51.17,20.28
p1,1764663447.1644,3.495,-27.33,-55.71,28.37
p1,1764663447.1862,3.495,-27.32,-55.6,28.28
p1,1764663447.3035,3.495,-27.2,-63.4,36.2
p1,1764663447.4352,3.493,-27.32,-55.8,28.48
C,1764663451.909,5,0
p1,1764663457.2637,3.497,-27.45,-60.08,32.62
p1,1764663457.2857,3.499,-27.43,-62.48,35.05
p1,1764663457.4029,3.498,-27.32,-64.96,37.64
p1,1764663457.5347,3.498,-26.4,-61.45,35.05
p1,1764663467.3632,3.498,-30.74,-70.44,39.71
p1,1764663467.3852,3.494,-32.02,-69.7,37.68
p1,1764663467.5024,3.507,-29.39,-59.8,30.41
p1,1764663467.6342,3.51,-28.55,-68.42,39.87
G,1764663471,13.080378333,-16.766213333,15.2
C,1764663471.908,4,0
p1,1764663477.4627,3.465,-44.75,-75.49,30.74
p1,1764663477.4847,3.47,-45.49,-73.62,28.12
p1,1764663477.6017,3.449,-54.25,-77.8,23.53
p1,1764663477.7337,3.483,-46.06,-74.31,28.24
p1,1764663487.5619,3.441,-32.96,-60.92,27.96
p1,1764663487.5839,3.445,-32.79,-62.71,29.92
p1,1764663487.7012,3.443,-32.4,-69.43,37.03
p1,1764663487.8329,3.445,-33.5,-63.44,29.94
C,1764663491.911,5,0
p1,1764663497.6614,3.462,-33.75,-68.28,34.53
p1,1764663497.6834,3.466,-33.78,-70.72,36.94
p1,1764663497.8007,3.465,-33.79,-69.11,35.32
p1,1764663497.9324,3.462,-33.85,-70.67,36.82
p1,1764663507.7609,3.402,-48.22,-77.81,29.59
p1,1764663507.7829,3.411,-48.52,-78.07,29.55
p1,1764663507.9002,3.432,-48.32,-74.92,26.59
p1,1764663508.0319,3.437,-44.37,-77.23,32.86
p1,1764663517.8604,3.454,-38.14,-70.21,32.06
p1,1764663517.8824,3.452,-37.93,-67.93,29.99
p1,1764663517.9994,3.464,-36.66,-66.49,29.83
p1,1764663518.1314,3.483,-38.19,-68.06,29.86
p1,1764663527.9597,3.459,-43.55,-52.96,8.874
p1,1764663527.9599,3.463,-41.13,-69.08,27.94
p1,1764663527.9817,3.462,-41.09,-70.07,28.98
p1,1764663527.9819,3.465,-43.68,-52.99,8.77
p1,1764663528.0989,3.463,-41.04,-76.19,35.15
p1,1764663528.2307,3.461,-41.17,-68.95,27.77
G,1764663531,13.080378333,-16.766213333,15.1
C,1764663531.901,4,0
p1,1764663538.0592,3.475,-41.05,-72.22,31.16
p1,1764663538.0812,3.478,-41.04,-74.87,33.83
p1,1764663538.1984,3.478,-41,-75.65,34.65
p1,1764663538.3302,3.477,-41.03,-74.09,33.06
p1,1764663548.1587,3.486,-40.97,-76.63,35.66
p1,1764663548.1807,3.489,-40.96,-76.04,35.08
p1,1764663548.2979,3.487,-41.07,-70.93,29.85
p1,1764663548.4296,3.488,-40.96,-76.63,35.67
C,1764663551.909,5,0
p1,1764663558.2582,3.495,-40.94,-74.42,33.48
p1,1764663558.2801,3.497,-40.98,-70.37,29.39
p1,1764663558.3972,3.495,-41.01,-70.71,29.69
p1,1764663558.5291,3.496,-40.97,-72.62,31.64
p1,1764663568.3574,3.499,-44.15,-53.01,8.255
p1,1764663568.3576,3.501,-41.26,-68.25,26.98
p1,1764663568.3794,3.501,-41.21,-70.68,29.46
p1,1764663568.4966,3.5,-41.17,-75.82,34.65
p1,1764663568.6284,3.5,-41.25,-69.27,28.02
C,1764663571.912,4,0
p1,1764663578.4569,3.506,-41,-73.79,32.78
p1,1764663578.4789,3.508,-41,-76.22,35.22
p1,1764663578.5961,3.508,-40.98,-75.68,34.7
p1,1764663578.7279,3.507,-40.92,-75.73,34.81
p1,1764663588.5564,3.512,-41.34,-77.07,35.72
p1,1764663588.5784,3.515,-41.38,-75.83,34.45
p1,1764663588.6956,3.513,-41.46,-69.38,27.91
p1,1764663588.8274,3.513,-41.43,-76.33,34.9
G,1764663591,13.080378333,-16.766208333,15.2
p1,1764663598.6559,3.518,-41.06,-72.42,31.36
p1,1764663598.6779,3.521,-41.08,-70.03,28.95
p1,1764663598.7949,3.519,-41.04,-72.86,31.81
p1,1764663598.9269,3.519,-41.06,-70.79,29.72
p1,1764663608.7551,3.522,-41.18,-68.87,27.69
p1,1764663608.7771,3.524,-41.09,-71.57,30.48
p1,1764663608.8944,3.523,-41.02,-76.5,35.48
p1,1764663609.0261,3.523,-41.12,-70.39,29.26
C,1764663611.909,5,0
p1,1764663618.8546,3.524,-41.26,-74.5,33.23
p1,1764663618.8766,3.527,-41.25,-77.16,35.91
p1,1764663618.9939,3.525,-41.34,-74.36,33.02
p1,1764663619.1256,3.526,-41.14,-76.43,35.3
p1,1764663628.9541,3.528,-40.71,-76,35.28
p1,1764663628.9761,3.53,-40.73,-74.42,33.68
p1,1764663629.0931,3.529,-43.98,-53.04,8.478
p1,1764663629.0934,3.529,-40.77,-68.98,28.2
p1,1764663629.2251,3.528,-40.69,-73.82,33.13
C,1764663631.911,4,0
p1,1764663639.0534,3.531,-44.33,-53.1,8.148
p1,1764663639.0536,3.531,-41.02,-70.71,29.69
p1,1764663639.0754,3.534,-44.37,-53.02,8.008
p1,1764663639.0756,3.533,-41.02,-69.28,28.26
p1,1764663639.1926,3.532,-41.03,-72.82,31.79
p1,1764663639.3243,3.532,-44.26,-53.11,8.249
p1,1764663639.3246,3.532,-41.08,-69.14,28.05
p1,1764663649.1529,3.531,-40.77,-70.61,29.83
p1,1764663649.1531,3.531,-44.22,-53.03,8.204
p1,1764663649.1749,3.535,-40.72,-72.02,31.3
p1,1764663649.2921,3.533,-40.68,-76.44,35.76
p1,1764663649.4238,3.533,-40.74,-72.72,31.98
G,1764663651,13.080378333,-16.766188333,15.2
p1,1764663659.2523,3.532,-41.06,-76.32,35.26
p1,1764663659.2743,3.535,-41,-77.11,36.1
p1,1764663659.3916,3.534,-41.12,-72.87,31.75
p1,1764663659.5233,3.534,-41.03,-76.98,35.95
p1,1764663669.3518,3.533,-46.11,-77.83,31.72
p1,1764663669.3738,3.535,-45.93,-75.28,29.35
p1,1764663669.4908,3.535,-44.65,-71.95,27.29
p1,1764663669.6228,3.534,-43.83,-75.65,31.82
C,1764663671.912,5,0
p1,1764663679.4513,3.533,-48.78,-74.92,26.13
p1,1764663679.4731,3.535,-49.06,-74.43,25.36
p1,1764663679.5903,3.534,-50.16,-76.32,26.14
p1,1764663679.7223,3.533,-50.68,-74.79,24.09
p1,1764663689.5506,3.535,-43.96,-73.18,29.21
p1,1764663689.5726,3.537,-43.85,-75.25,31.39
p1,1764663689.6898,3.534,-42.84,-76.62,33.77
p1,1764663689.8216,3.534,-41.73,-73.23,31.5
C,1764663691.911,4,0
p1,1764663699.6501,3.533,-43.98,-76.76,32.78
p1,1764663699.6721,3.536,-44.01,-76.87,32.86
p1,1764663699.7893,3.534,-44.12,-73.86,29.73
p1,1764663699.9211,3.534,-44.02,-76.38,32.36
p1,1764663709.7496,3.532,-49.02,-75.79,26.76
p1,1764663709.7716,3.535,-48.99,-76.09,27.09
p1,1764663709.8886,3.534,-49.37,-74.7,25.31
p1,1764663710.0205,3.534,-49.52,-75.71,26.18
G,1764663711,13.080615,-16.766043333,14.7
C,1764663711.914,5,0
p1,1764663719.8488,3.535,-62.53,-76.43,13.72
p1,1764663719.8491,-5.196,-70.05,-78.75,8.078
p1,1764663719.8708,3.548,-62.72,-76.36,13.45
p1,1764663719.8711,5.596,-70.94,-78.11,6.248
p1,1764663719.9881,3.528,-62.12,-77.41,15.16
p1,1764663720.1198,3.54,-60.07,-77.03,16.87
p1,1764663729.9483,3.536,-56.48,-75.95,19.42
p1,1764663729.9703,3.534,-56.3,-76.39,20.05
p1,1764663730.0875,3.535,-56.29,-76.88,20.56
p1,1764663730.2193,3.538,-56.02,-76.58,20.52
C,1764663731.916,4,0
p1,1764663740.0478,3.532,-56.65,-77.06,20.37
p1,1764663740.0698,3.539,-56.85,-76.43,19.53
p1,1764663740.1871,3.535,-57.91,-76.05,18.07
p1,1764663740.3188,3.536,-58.76,-77.52,18.71
p1,1764663750.1473,3.535,-67.97,-76.63,8.03
p1,1764663750.1690,3.533,-68.25,-77.42,8.619
p1,1764663750.2865,3.545,-69.94,-76.97,6.075
p1,1764663770.3463,3.515,-69.48,-77.2,6.918
p1,1764663770.4850,3.579,-69.83,-77.03,6.286
p1,1764663770.6173,3.537,-69.46,-76.63,6.246
G,1764663771,13.080846667,-16.766021667,15.4
C,1764663771.915,5,0
p1,1764663780.7165,3.544,-68.98,-77.02,7.305
p1,1764663790.6840,3.566,-68.61,-76.07,6.598
p1,1764663790.8160,3.559,-67.68,-75.54,7.085
C,1764663791.916,4,0
p1,1764663810.7438,3.559,-67.21,-75.6,7.716
p1,1764663810.7658,3.54,-66.83,-75.49,8.028
p1,1764663810.8830,3.552,-67.14,-76.63,8.978
p1,1764663811.0147,3.539,-67.87,-76.37,7.834
C,1764663811.916,5,0
p1,1764663820.8432,3.557,-66.23,-74.65,7.739
p1,1764663820.8653,3.532,-65.82,-74.77,8.354
p1,1764663820.9825,3.538,-65.86,-74.27,7.733
p1,1764663821.1143,3.542,-65.54,-74.55,8.434
p1,1764663830.9427,3.537,-57.48,-77.5,19.99
p1,1764663830.9647,3.545,-57.65,-77.47,19.78
p1,1764663831.0817,3.548,-57.53,-77.31,19.74
p1,1764663831.2137,3.542,-57.61,-77.6,19.94
G,1764663831,13.080831667,-16.76608,14.8
p1,1764663841.0422,3.539,-57.09,-76.88,19.75
p1,1764663841.0640,3.547,-57.08,-77.01,19.88
p1,1764663841.1812,3.539,-57.04,-77.84,20.77
p1,1764663841.3130,3.546,-57.07,-77.68,20.57
p1,1764663851.1415,3.538,-59.16,-77.03,17.8
p1,1764663851.1635,3.546,-58.99,-77.82,18.76
p1,1764663851.2807,3.545,-58.46,-78.09,19.58
p1,1764663851.4125,3.538,-58.19,-77.31,19.07
C,1764663851.914,4,0
p1,1764663861.2410,3.538,-61.08,-77.74,16.57
p1,1764663861.2630,3.542,-61.1,-77.56,16.36
p1,1764663861.3802,3.534,-60.57,-77.4,16.74
p1,1764663861.5120,3.543,-60.52,-78.14,17.55
p1,1764663871.3405,3.539,-63.14,-76.27,12.91
p1,1764663871.3625,3.542,-62.49,-76.56,13.89
p1,1764663871.4795,3.539,-62.6,-76.41,13.62
p1,1764663871.6115,3.548,-62.76,-76.54,13.59
C,1764663871.915,5,0
p1,1764663881.4397,3.529,-62.78,-76.66,13.7
p1,1764663881.4620,3.533,-62.69,-76.19,13.3
p1,1764663881.5790,3.542,-62.33,-76.33,13.83
p1,1764663881.7107,3.541,-62.34,-76.8,14.3
p1,1764663891.5392,3.557,-62.54,-75.94,13.19
p1,1764663891.5612,3.55,-62.27,-75.92,13.46
p1,1764663891.6785,3.547,-62.25,-76.18,13.76
G,1764663891,13.080953333,-16.766215,15.2
p1,1764663891.8102,3.541,-62.38,-76.53,13.98
C,1764663891.916,4,0
p1,1764663901.6387,3.538,-61.56,-75.24,13.49
p1,1764663901.6607,3.531,-62.11,-75.71,13.41
p1,1764663901.7780,3.544,-62.42,-74.79,12.1
p1,1764663901.9097,3.543,-62.02,-75.12,12.88
p1,1764663911.7382,3.549,-65.59,-75.67,9.626
p1,1764663911.7600,3.521,-64.91,-75.86,10.59
p1,1764663911.8772,3.536,-65.69,-76.3,10.22
p1,1764663912.0092,3.552,-66.75,-77.35,10.2
