port, timestamp,snr,signal,noise,ms
C,1764745049.372,1,0
G,1764745066,13.091886667,-16.768938333,3.4
p1,1764745101.7621,4.641,-24.12,-31.13,6.045
p1,1764745101.7841,3.488,-14.36,-47,32.63
p1,1764745101.9011,3.481,-14.52,-42.8,28.27
p1,1764745102.0331,3.484,-14.27,-46.86,32.59
p1,1764745111.8618,3.439,-17.56,-45.83,28.27
p1,1764745111.8836,3.439,-17.58,-45.82,28.23
p1,1764745112.0008,3.438,-17.49,-52.32,34.83
p1,1764745112.1325,3.436,-17.59,-45.17,27.57
p1,1764745121.9610,3.281,-18.02,-50.34,32.32
p1,1764745121.9830,3.283,-18.29,-53.03,34.74
p1,1764745122.1003,3.235,-18.9,-56.91,38.01
p1,1764745122.2320,3.25,-17.05,-52.01,34.96
G,1764745126,13.091888333,-16.76894,3.4
p1,1764745132.0605,3.272,-26.55,-64.72,38.17
p1,1764745132.0825,3.284,-26.8,-64.99,38.2
p1,1764745132.1998,3.263,-28.48,-58.14,29.65
p1,1764745132.3315,3.264,-28,-65.93,37.93
p1,1764745142.1600,3.441,-45.86,-69.88,24
p1,1764745142.1820,3.444,-45.38,-69.64,24.25
p1,1764745142.2990,3.439,-44.37,-68.7,24.32
p1,1764745142.4310,3.445,-43.61,-69.02,25.39
C,1764745148.005,5,0
p1,1764745152.1985,3.462,-42.35,-67.52,25.16
p1,1764745152.2202,3.46,-42.15,-67.48,25.32
p1,1764745152.3374,3.459,-41.4,-69.73,28.32
p1,1764745152.4692,3.46,-40.49,-66.02,25.51
p1,1764745152.4695,3.464,-42.97,-52.68,9.209
p1,1764745162.2977,3.469,-45.55,-69.64,24.08
p1,1764745162.3197,3.47,-45.31,-69.38,24.06
p1,1764745162.4369,3.474,-45.93,-69.96,24.01
p1,1764745162.5687,3.472,-47.99,-70.43,22.41
C,1764745168.005,4,0
p1,1764745172.3972,3.438,-31.24,-66.91,35.66
p1,1764745172.4192,3.441,-31.06,-66.24,35.18
p1,1764745172.5365,3.442,-31.66,-61.05,29.39
p1,1764745172.6682,3.439,-32.4,-67.92,35.52
p1,1764745182.4967,3.461,-33.85,-64.98,31.13
p1,1764745182.5187,3.464,-33.37,-62.13,28.76
p1,1764745182.6357,3.458,-30.71,-60.08,29.36
p1,1764745182.7677,3.459,-29.14,-60.49,31.35
G,1764745186,13.091888333,-16.768941667,4.7
p1,1764745192.5962,3.473,-16.93,-44.57,27.63
p1,1764745192.6179,3.472,-16.92,-47.34,30.42
p1,1764745192.7352,3.472,-16.96,-54.36,37.4
p1,1764745192.8669,3.471,-17.09,-45.59,28.49
p1,1764745202.6954,3.471,-21.55,-54.98,33.43
p1,1764745202.7174,3.474,-21.54,-59.36,37.82
p1,1764745202.8347,3.474,-21.63,-59.13,37.5
p1,1764745202.9664,3.473,-21.64,-58.14,36.5
p1,1764745212.7949,3.481,-23.04,-62.58,39.54
p1,1764745212.8169,3.484,-23.02,-60.87,37.85
p1,1764745212.9342,3.483,-22.89,-52.06,29.17
p1,1764745213.0659,3.483,-22.47,-59.98,37.51
p1,1764745222.8944,3.467,-20.51,-52.98,32.47
p1,1764745222.9164,3.469,-20.67,-51.04,30.36
p1,1764745223.0334,3.471,-20.06,-51.66,31.6
p1,1764745223.1654,3.476,-18.68,-49.15,30.47
p1,1764745232.9937,3.472,-27.6,-55.79,28.19
p1,1764745233.0157,3.474,-29.2,-59.62,30.42
p1,1764745233.1329,3.471,-25.51,-65.41,39.9
p1,1764745233.2646,3.452,-26.44,-56.49,30.04
p1,1764745243.0931,3.428,-27.36,-62.05,34.69
p1,1764745243.1151,3.434,-27.33,-65.79,38.46
p1,1764745243.2324,3.432,-27.43,-62.43,35
p1,1764745243.3642,3.431,-27.32,-64.47,37.15
G,1764745246,13.091886667,-16.768945,5.2
p1,1764745253.1927,3.44,-41.96,-74.04,32.08
p1,1764745253.2147,3.443,-39.93,-72.04,32.11
p1,1764745253.3316,3.469,-40.25,-52.9,12.41
p1,1764745253.3319,3.473,-37.35,-65.42,28.06
p1,1764745253.4636,3.477,-34.71,-69.58,34.87
p1,1764745263.2921,3.457,-61.03,-74.87,13.66
p1,1764745263.3141,3.444,-60.05,-74.97,14.77
p1,1764745263.4311,3.441,-59.79,-74.83,14.9
p1,1764745263.5631,3.479,-58.79,-74.56,15.65
p1,1764745273.3914,3.455,-65.69,-75.28,9.087
p1,1764745273.4134,3.445,-64.97,-74.99,9.573
p1,1764745273.5306,3.435,-63.11,-75.27,11.89
p1,1764745273.6624,3.479,-63.92,-75.23,10.98
p1,1764745293.7296,3.45,-67.27,-75.12,7.079
p1,1764745293.8614,3.434,-67.23,-75.54,7.608
p1,1764745303.8291,3.404,-68.01,-75.44,6.571
G,1764745306,13.091888333,-16.768945,5.7
p1,1764745354.3261,3.481,-66.77,-75.21,7.765
p1,1764745354.4578,3.47,-65.69,-75.08,8.863
p1,1764745364.2863,3.468,-56.72,-75.19,18.41
p1,1764745364.3083,3.461,-53.82,-75.42,21.57
p1,1764745364.4256,3.463,-52.93,-74.42,21.46
p1,1764745364.5573,3.479,-52.68,-75.32,22.61
G,1764745366,13.091891667,-16.768938333,5.3
p1,1764745374.3858,3.476,-26.7,-58.81,32.11
p1,1764745374.4078,3.477,-26.97,-55.2,28.22
p1,1764745374.5248,3.474,-26.87,-59.11,32.24
p1,1764745374.6568,3.484,-27.29,-57.06,29.76
p1,1764745384.4851,3.471,-17.73,-47.01,29.27
p1,1764745384.5071,3.473,-17.21,-49.6,32.39
p1,1764745384.6243,3.467,-15.1,-54.46,39.36
p1,1764745384.7561,3.468,-14.25,-46.16,31.91
p1,1764745394.5846,3.443,-55.12,-65.22,9.648
p1,1764745394.6065,3.444,-54.48,-64.78,9.874
p1,1764745394.7238,3.455,-51.98,-65.17,12.98
p1,1764745394.8555,3.487,-50.05,-65.47,15.29
p1,1764745404.7060,3.471,-57.57,-64.77,6.285
p1,1764745404.8233,3.494,-56.39,-64.58,7.469
p1,1764745404.9551,3.488,-56.86,-65.12,7.554
p1,1764745424.9048,3.503,-55.89,-64.16,7.565
p1,1764745425.1538,3.513,-55.66,-64.45,8.174
G,1764745426,13.091898333,-16.768926667,5
p1,1764745434.9823,3.48,-48.43,-64.69,16.16
p1,1764745435.0043,3.491,-48.74,-65.26,16.42
p1,1764745435.1215,3.488,-48.81,-64.79,15.87
p1,1764745435.2533,3.486,-48.53,-65.51,16.89
p1,1764745445.0818,3.488,-52.17,-64.85,12.44
p1,1764745445.1038,3.482,-52.39,-64.94,12.3
p1,1764745445.2208,3.484,-52.72,-64.86,11.87
p1,1764745445.3528,3.486,-52.08,-65.07,12.77
p1,1764745455.1810,3.431,-56.73,-65.03,7.604
p1,1764745455.2030,3.449,-55.73,-65.29,9.055
p1,1764745455.3203,3.483,-51.1,-65.26,13.99
p1,1764745455.4523,3.458,-55.67,-65.2,9.024
p1,1764745465.2805,3.451,-49.99,-65.25,15.14
p1,1764745465.3025,3.443,-50.36,-65.76,15.27
p1,1764745465.4198,3.445,-50.46,-65.38,14.78
p1,1764745465.5515,3.446,-50.15,-65.2,14.92
p1,1764745475.3800,3.419,-49.37,-65.55,16.08
p1,1764745475.4020,3.409,-49.58,-65.29,15.6
p1,1764745475.5193,3.393,-49.97,-64.88,14.77
p1,1764745475.6510,3.404,-50.61,-65.25,14.49
p1,1764745485.4795,3.426,-51.88,-64.78,12.67
p1,1764745485.5015,3.395,-52.34,-65.03,12.45
p1,1764745485.6185,3.346,-55.42,-65,9.073
G,1764745486,13.091898333,-16.768925,5.1
p1,1764745495.5788,3.462,-56.72,-64.81,7.355
p1,1764745495.6010,3.483,-55.96,-64.46,7.837
p1,1764745495.7180,3.46,-57,-65.09,7.356
p1,1764745495.8497,3.464,-57.22,-65.13,7.153
p1,1764745505.6782,3.499,-58.39,-65.45,6.115
p1,1764745515.7777,3.505,-57.69,-65.13,6.586
C,1764745528.006,5,0
p1,1764745535.9765,3.462,-55.01,-65.22,9.772
p1,1764745535.9985,3.456,-54.54,-65.34,10.42
p1,1764745536.1157,3.429,-53.4,-65.29,11.6
p1,1764745536.2475,3.424,-52.56,-65.48,12.69
p1,1764745546.0760,3.312,-37.43,-64.57,27.14
p1,1764745546.0980,3.307,-36.75,-65.04,28.28
p1,1764745546.2152,3.432,-34.67,-63.48,28.81
p1,1764745546.3470,3.36,-33.8,-63.95,30.15
G,1764745546,13.091898333,-16.768923333,5.3
C,1764745548.005,4,0
p1,1764745556.1755,3.428,-33.66,-64.83,31.16
p1,1764745556.1975,3.432,-33.63,-63.81,30.17
p1,1764745556.3147,3.434,-32.55,-59.88,27.32
p1,1764745556.4465,3.432,-29.5,-63.58,34.08
p1,1764745566.2750,3.391,-43.57,-65.57,21.98
p1,1764745566.2970,3.395,-43.67,-65.39,21.68
p1,1764745566.4139,3.375,-41.38,-64.91,23.51
p1,1764745566.5457,3.361,-42.86,-52.3,8.918
p1,1764745566.5460,3.378,-40.69,-64.63,23.92
C,1764745568.005,5,0
p1,1764745576.3742,3.245,-47.46,-64.75,17.21
p1,1764745576.3962,3.264,-47,-64.85,17.78
p1,1764745576.5135,3.238,-47.17,-65.18,17.95
p1,1764745576.6452,3.254,-47.04,-65.08,17.97
C,1764745588.004,4,0
p1,1764745596.5732,3.343,-47.31,-65.55,18.18
p1,1764745596.5952,3.39,-47.46,-65.37,17.84
p1,1764745596.7124,3.41,-48.03,-64.44,16.31
p1,1764745596.8442,3.402,-44.54,-65.7,21.13
p1,1764745606.6727,3.295,-54.01,-65.27,10.93
p1,1764745606.6947,3.24,-53.6,-64.96,11.03
p1,1764745606.8119,3.402,-50.43,-64.59,14
p1,1764745606.9437,3.326,-49.73,-64.18,14.29
G,1764745606,13.0919,-16.76892,5.5
p1,1764745616.7719,3.316,-45.06,-52.57,6.662
p1,1764745616.7722,3.316,-43.1,-64.24,21.11
p1,1764745616.7939,3.335,-43.87,-65.16,21.26
p1,1764745616.9112,3.387,-41.7,-64.32,22.6
p1,1764745617.0429,3.313,-43.44,-52.31,8.263
p1,1764745617.0432,3.325,-41.76,-63.47,21.67
p1,1764745626.8717,3.398,-55.47,-65.19,9.237
p1,1764745626.8934,3.349,-54.57,-65.49,10.56
p1,1764745627.0106,3.385,-52.74,-64.92,11.91
p1,1764745627.1424,3.415,-48.62,-65.29,16.57
C,1764745628.005,5,0
p1,1764745636.9709,3.437,-46.16,-65.23,19.01
p1,1764745636.9929,3.429,-46.09,-65.12,18.97
p1,1764745637.1102,3.459,-43.05,-64.25,21.16
p1,1764745637.2419,3.465,-44.05,-64.81,20.73
p1,1764745647.0704,3.417,-32.43,-64.03,31.6
p1,1764745647.0924,3.423,-31.94,-63.62,31.68
p1,1764745647.2094,3.434,-31.59,-51.16,19.52
p1,1764745647.2097,3.439,-28.77,-56.11,27.33
p1,1764745647.3414,3.429,-28.17,-60.6,32.43
C,1764745648.006,4,0
C,1764745649.807,4,0
p1,1764745657.1699,3.464,-15.14,-45.97,30.83
p1,1764745657.1919,3.467,-15.27,-43.54,28.26
p1,1764745657.3089,3.467,-16.15,-48.62,32.47
p1,1764745657.4409,3.475,-15.42,-44.03,28.6
G,1764745666,13.091896667,-16.768918333,5.7
p1,1764745667.2692,3.28,-16.94,-45.2,28.25
p1,1764745667.2912,3.277,-17.81,-50.15,32.34
p1,1764745667.4084,3.263,-17.92,-57.04,39.12
p1,1764745667.5401,3.273,-16.66,-47.02,30.35
p1,1764745677.3686,3.264,-17.01,-52,34.99
p1,1764745677.3906,3.256,-18.26,-57.32,39.06
p1,1764745677.5079,3.252,-23.39,-57.58,34.18
p1,1764745677.6397,3.284,-19.44,-56.69,37.25
p1,1764745687.4681,3.207,-25.51,-62.05,36.54
p1,1764745687.4901,3.213,-25.39,-58.94,33.55
p1,1764745687.6074,3.209,-24.19,-52.3,28.1
p1,1764745687.7391,3.213,-23.55,-60.54,36.99
C,1764745688.005,5,0
p1,1764745697.5676,3.23,-20.82,-52.86,32.04
p1,1764745697.5896,3.237,-20.82,-50.38,29.55
p1,1764745697.7066,3.235,-20.83,-52.57,31.73
p1,1764745697.8386,3.234,-21.6,-51.57,29.97
p1,1764745707.6669,3.206,-30.7,-57.67,26.96
p1,1764745707.6889,3.211,-30.25,-58.77,28.52
p1,1764745707.8061,3.208,-29.22,-63.17,33.95
p1,1764745707.9379,3.217,-27.56,-56.87,29.31
C,1764745708.004,4,0
p1,1764745717.7664,3.267,-29.66,-59.92,30.25
p1,1764745717.7884,3.278,-29.59,-63.18,33.59
p1,1764745717.9056,3.277,-31.17,-63.51,32.34
p1,1764745718.0374,3.381,-30.95,-62.26,31.31
G,1764745726,13.091895,-16.768918333,6.1
p1,1764745727.8659,3.242,-32.83,-64.72,31.89
p1,1764745727.8879,3.253,-32.81,-64.11,31.3
C,1764745728.003,5,0
p1,1764745728.0051,3.241,-32.76,-60.61,27.85
p1,1764745728.1369,3.244,-32.4,-64.61,32.21
p1,1764745737.9654,3.229,-36.35,-64.64,28.28
p1,1764745737.9873,3.239,-36.43,-63.62,27.18
p1,1764745738.1043,3.233,-36.45,-62.56,26.1
p1,1764745738.2364,3.231,-36.12,-63.04,26.92
C,1764745748.006,4,0
p1,1764745748.0648,3.253,-39.14,-63.56,24.41
p1,1764745748.0866,3.272,-38.38,-62.76,24.37
p1,1764745748.2038,3.272,-38.5,-64.33,25.82
p1,1764745748.3356,3.229,-40.1,-52.4,12.03
p1,1764745748.3359,3.228,-38.27,-62.15,23.86
p1,1764745758.1641,3.381,-44.15,-64.73,20.54
p1,1764745758.1861,3.36,-43.89,-65.02,21.09
p1,1764745758.3033,3.35,-45.25,-65.7,20.41
p1,1764745758.4351,3.323,-47.61,-65,17.3
p1,1764745778.6338,3.419,-57.56,-64.68,6.181
G,1764745786,13.091893333,-16.768918333,6.2
C,1764745788.005,5,0
p1,1764745788.4623,3.428,-57.97,-65.25,6.378
p1,1764745788.4846,3.464,-57.26,-65.36,7.369
C,1764745808.004,4,0
G,1764745846,13.091893333,-16.768916667,6.1
C,1764745848.006,5,0
C,1764745868.005,4,0
C,1764745887.321,5,0
p1,1764745899.5562,3.467,-57.31,-65.59,7.587
p1,1764745899.5782,3.459,-57.19,-65.14,7.185
p1,1764745899.6953,3.413,-58.13,-65.6,6.617
p1,1764745899.8272,3.399,-57.77,-65.13,6.478
G,1764745906,13.091893333,-16.768916667,6.2
C,1764745907.324,4,0
p1,1764745909.9265,3.465,-57.91,-65.04,6.203
p1,1764745919.7552,3.429,-57.27,-65.43,7.447
p1,1764745919.7772,3.476,-58.27,-65.88,6.776
p1,1764745919.8942,3.475,-56.26,-64.86,7.955
p1,1764745929.9937,3.454,-58.84,-66.12,6.377
p1,1764745939.9540,3.471,-56.83,-65.88,8.474
p1,1764745939.9760,3.463,-57.56,-65.52,7.21
p1,1764745940.0932,3.463,-56.89,-65.9,8.428
C,1764745947.324,5,0
G,1764745966,13.091893333,-16.768913333,6.1
C,1764745967.325,4,0
C,1764746007.326,5,0
G,1764746026,13.091893333,-16.768911667,6.1
C,1764746027.327,4,0
G,1764746086,13.091895,-16.768908333,5.9
C,1764746107.327,5,0
C,1764746127.327,4,0
G,1764746146,13.091895,-16.768906667,5.8
C,1764746167.327,5,0
C,1764746187.327,4,0
G,1764746206,13.091895,-16.768905,6
C,1764746250.275,4,0
G,1764746266,13.091898333,-16.768903333,6.1
C,1764746267.327,5,0
C,1764746287.33,4,0
G,1764746326,13.091901667,-16.768901667,5.9
C,1764746327.332,5,0
C,1764746347.331,4,0
C,1764746367.329,5,0
G,1764746386,13.091901667,-16.768901667,6.1
C,1764746387.333,4,0
C,1764746427.323,5,0
G,1764746446,13.091903333,-16.768898333,6.2
C,1764746447.332,4,0
C,1764746487.333,5,0
G,1764746506,13.091903333,-16.7689,6.1
C,1764746507.334,4,0
G,1764746566,13.091905,-16.7689,6
C,1764746587.334,5,0
C,1764746607.335,4,0
G,1764746626,13.091906667,-16.7689,6.1
C,1764746647.338,5,0
C,1764746667.338,4,0
G,1764746686,13.091906667,-16.768896667,6.1
C,1764746687.336,5,0
C,1764746707.339,4,0
G,1764746746,13.091906667,-16.7689,6.2
C,1764746747.329,5,0
C,1764746767.337,4,0
G,1764746806,13.091905,-16.768901667,6
C,1764746808.005,5,0
C,1764746828.006,4,0
C,1764746850.772,4,0
G,1764746866,13.091903333,-16.7689,5.8
C,1764746868.005,5,0
C,1764746888.004,4,0
C,1764746908.004,5,0
G,1764746926,13.091903333,-16.7689,5.8
C,1764746928.005,4,0
C,1764746968.005,5,0
G,1764746986,13.091903333,-16.7689,5.8
C,1764746988.005,4,0
C,1764747008.003,5,0
G,1764747046,13.091901667,-16.7689,5.8
C,1764747048.005,4,0
C,1764747068.005,5,0
C,1764747088.005,4,0
G,1764747106,13.0919,-16.7689,5.8
C,1764747128.007,5,0
C,1764747148.008,4,0
G,1764747166,13.091898333,-16.768903333,5.8
C,1764747188.006,5,0
C,1764747208.004,4,0
G,1764747226,13.091898333,-16.768905,5.7
C,1764747228.005,5,0
C,1764747248.004,4,0
G,1764747286,13.091896667,-16.768905,5.7
C,1764747288.008,5,0
C,1764747308.006,4,0
G,1764747346,13.091895,-16.768905,5.6
C,1764747348.008,5,0
C,1764747368.005,4,0
C,1764747388.007,5,0
G,1764747406,13.091895,-16.768905,4.8
C,1764747408.007,4,0
C,1764747448.005,5,0
C,1764747451.209,5,0
G,1764747466,13.091893333,-16.768905,4.6
C,1764747468.003,4,0
C,1764747508.005,5,0
G,1764747526,13.091891667,-16.76891,4.5
C,1764747528.007,4,0
C,1764747548.005,5,0
C,1764747568.005,4,0
G,1764747586,13.09189,-16.768913333,4.7
C,1764747608.005,5,0
C,1764747628.005,4,0
G,1764747646,13.091888333,-16.768913333,4.4
C,1764747668.006,5,0
C,1764747688.004,4,0
G,1764747706,13.091886667,-16.768913333,4.5
C,1764747708.004,5,0
C,1764747728.004,4,0
G,1764747766,13.091886667,-16.768915,4.3
C,1764747768.005,5,0
C,1764747788.004,4,0
G,1764747826,13.091886667,-16.768916667,4.3
C,1764747828.002,5,0
C,1764747848.006,4,0
C,1764747868.005,5,0
G,1764747886,13.091883333,-16.768918333,4.3
C,1764747888.007,4,0
C,1764747928.005,5,0
G,1764747946,13.091881667,-16.768916667,4.2
C,1764747948.006,4,0
C,1764747968.007,5,0
G,1764748006,13.09188,-16.768916667,4.1
C,1764748008.005,4,0
C,1764748028.005,5,0
C,1764748048.005,4,0
C,1764748051.694,4,0
G,1764748066,13.091878333,-16.768918333,4
C,1764748088.006,5,0
C,1764748108.004,4,0
G,1764748126,13.091875,-16.768916667,4
C,1764748128.006,5,0
C,1764748168.006,4,0
G,1764748186,13.091873333,-16.768916667,4
C,1764748188.003,5,0
C,1764748208.004,4,0
G,1764748246,13.091873333,-16.768916667,3.9
C,1764748248.005,5,0
C,1764748268.004,4,0
C,1764748288.006,5,0
G,1764748306,13.091873333,-16.768916667,3.9
C,1764748328.005,4,0
C,1764748348.005,5,0
G,1764748366,13.091871667,-16.768916667,3.9
C,1764748368.006,4,0
C,1764748408.004,5,0
G,1764748426,13.09187,-16.768915,3.9
C,1764748428.004,4,0
C,1764748448.004,5,0
G,1764748486,13.09187,-16.768915,3.8
C,1764748488.006,4,0
C,1764748508.006,5,0
C,1764748528.006,4,0
G,1764748546,13.091871667,-16.768916667,3.8
C,1764748568.004,5,0
C,1764748587.362,4,0
G,1764748606,13.091871667,-16.768918333,3.8
C,1764748607.353,5,0
C,1764748647.362,4,0
