C,1764326064.035,4,0
G,1764326098,13.069041667,-16.747478333,12.2
G,1764326158,13.06904,-16.74748,12.3
C,1764326160.005,5,0
C,1764326180.005,4,0
C,1764326200.006,5,0
G,1764326218,13.06904,-16.74748,12.2
C,1764326220.004,4,0
C,1764326260.004,5,0
G,1764326278,13.069033333,-16.747476667,12.3
C,1764326280.006,4,0
C,1764326320.008,5,0
G,1764326338,13.069028333,-16.747476667,13
C,1764326340.007,4,0
C,1764326360.006,5,0
C,1764326380.004,4,0
G,1764326398,13.06903,-16.747478333,13.4
C,1764326420.004,5,0
C,1764326440.004,4,0
G,1764326458,13.069026667,-16.747481667,13
C,1764326480.005,5,0
C,1764326500.004,4,0
G,1764326518,13.069025,-16.747483333,13
G,1764326578,13.069025,-16.747483333,12.8
C,1764326580.006,5,0
C,1764326600.005,4,0
G,1764326638,13.069025,-16.747478333,12.9
C,1764326640.005,5,0
C,1764326660.005,4,0
C,1764326664.445,4,0
C,1764326680.007,5,0
G,1764326698,13.06902,-16.747481667,12.9
C,1764326700.005,4,0
C,1764326740.006,5,0
G,1764326758,13.069016667,-16.747478333,12.6
C,1764326760.005,4,0
C,1764326800.007,5,0
G,1764326818,13.069018333,-16.747476667,12.6
C,1764326820.004,4,0
C,1764326840.006,5,0
C,1764326860.005,4,0
G,1764326878,13.069018333,-16.747478333,12.3
C,1764326900.005,5,0
C,1764326920.005,4,0
G,1764326938,13.069021667,-16.74747,12.1
C,1764326960.005,5,0
C,1764326980.004,4,0
G,1764326998,13.06902,-16.74747,12.2
C,1764327000.005,5,0
C,1764327020.005,4,0
G,1764327058,13.069026667,-16.747468333,12
C,1764327060.005,5,0
C,1764327080.004,4,0
C,1764327100.013,5,0
G,1764327118,13.069026667,-16.747473333,11.8
C,1764327140.004,4,0
C,1764327160.004,5,0
G,1764327178,13.069028333,-16.747478333,11.3
C,1764327180.004,4,0
G,1764327238,13.069028333,-16.747481667,11.6
C,1764327264.86,4,0
G,1764327298,13.069026667,-16.747483333,11.6
G,1764327358,13.069021667,-16.747488333,11
C,1764327380.002,5,0
C,1764327400.005,4,0
