port, timestamp,snr,signal,noise,ms
p1,1764242159.2694,3.446,-48.78,-75.67,26.88
p1,1764242159.2915,3.45,-47.57,-74.99,27.42
p1,1764242159.4087,3.454,-43.49,-72.89,29.39
p1,1764242159.5404,3.452,-34.19,-71.69,37.49
p1,1764242169.3689,3.41,-28.69,-66.05,37.36
p1,1764242169.3909,3.415,-28.85,-63.15,34.3
p1,1764242169.5080,3.407,-29.42,-57.48,28.06
p1,1764242169.6399,3.407,-28.13,-63.19,35.05
G,1764242174,13.069045,-16.74749,9.3
C,1764242176.005,4,0
p1,1764242179.4684,3.426,-17.65,-47.91,30.25
p1,1764242179.4904,3.43,-17.72,-46.05,28.32
p1,1764242179.6074,3.424,-17.77,-50.11,32.33
p1,1764242179.7394,3.424,-18.7,-46.9,28.19
p1,1764242189.5677,3.419,-4.189,-32.31,28.11
p1,1764242189.5897,3.423,-4.152,-34.26,30.1
p1,1764242189.7069,3.423,-4.272,-44.45,40.17
p1,1764242189.8387,3.422,-4.301,-34.45,30.15
C,1764242196.005,5,0
p1,1764242199.6671,3.476,-10.71,-43.56,32.85
p1,1764242199.6892,3.478,-10.69,-48.89,38.2
p1,1764242199.8064,3.477,-10.64,-48.66,38.02
p1,1764242199.9382,3.475,-10.45,-46.01,35.56
C,1764242216.005,4,0
