port, timestamp,snr,signal,noise,ms
S,1764436635.067,1,frequency,150.096,0,
S,1764436635.09,1,rf_filter,6,0,
S,1764436635.086,1,lna_gain,1,0,
S,1764436635.095,1,mixer_gain,1,0,
S,1764436635.103,1,if_filter,0,0,
S,1764436635.11,1,if_gain,0,0,
C,1764573446.109,-1,136772341
G,1764573467,13.080486667,-16.766525,6.4
p1,1764573493.4232,3.576,-2.795,-31.06,28.26
p1,1764573493.5405,3.565,-2.703,-39.76,37.05
p1,1764573493.6722,3.565,-2.81,-31.51,28.69
p1,1764573503.5007,3.503,-2.357,-35.13,32.77
p1,1764573503.5227,3.505,-2.313,-39.44,37.12
p1,1764573503.6399,3.505,-2.328,-40.38,38.06
p1,1764573503.7717,3.505,-2.385,-42.19,39.8
p1,1764573513.6002,3.502,-3.52,-44.03,40.51
p1,1764573513.6221,3.504,-3.562,-41.59,38.03
p1,1764573513.7394,3.502,-3.728,-32.16,28.43
p1,1764573513.8711,3.502,-3.623,-41.72,38.1
p1,1764573523.6996,3.475,-2.49,-33.27,30.78
p1,1764573523.7216,3.478,-2.472,-30.81,28.33
p1,1764573523.8386,3.474,-2.438,-34.61,32.17
p1,1764573523.9706,3.476,-2.516,-31.11,28.59
G,1764573527,13.080483333,-16.766523333,6.5
p1,1764573533.7989,3.425,-2.787,-32.77,29.98
p1,1764573533.8208,3.43,-2.745,-35.39,32.64
p1,1764573533.9381,3.428,-2.731,-42.06,39.33
p1,1764573534.0698,3.427,-2.866,-35.17,32.3
p1,1764573543.8983,3.437,-13.28,-51.14,37.86
p1,1764573543.9203,3.442,-13.52,-53.64,40.12
p1,1764573544.0375,3.439,-15.32,-47.87,32.55
p1,1764573544.1693,3.436,-17.86,-57.12,39.25
p1,1764573553.9978,3.397,-21.52,-56.61,35.09
p1,1764573554.0198,3.393,-20.94,-53.43,32.49
p1,1764573554.1368,3.385,-20.37,-49.81,29.43
p1,1764573554.2688,3.405,-23.04,-55.54,32.5
p1,1764573564.0972,3.441,-22.76,-51.18,28.41
p1,1764573564.1190,3.444,-22.46,-50.81,28.34
p1,1764573564.2362,3.436,-23.95,-61.84,37.89
p1,1764573564.3680,3.418,-25.33,-53.45,28.12
p1,1764573574.1964,3.424,-24.35,-56.61,32.26
p1,1764573574.2184,3.425,-23.73,-60.31,36.58
p1,1764573574.3357,3.426,-21.62,-59.62,38
p1,1764573574.4675,3.431,-20.7,-55.6,34.89
C,1764573579.244,-1,1037
