port, timestamp,snr,signal,noise,ms
p1,1764752252.0989,3.537,-61.66,-73.96,12.03
p1,1764752252.1209,3.552,-61.97,-73.88,11.62
p1,1764752252.2379,3.521,-61.27,-73.47,11.93
p1,1764752252.3699,3.544,-61.44,-73.79,12.09
C,1764752254.811,5,0
p1,1764752262.1984,3.537,-61.76,-73.4,11.33
p1,1764752262.2204,3.547,-61.37,-72.94,11.26
p1,1764752262.3374,3.531,-61.76,-73.37,11.3
p1,1764752262.4694,3.538,-61.69,-73.74,11.77
G,1764752266,13.09191,-16.768848333,20.2
C,1764752268.004,4,0
p1,1764752272.2976,3.541,-62.28,-73.45,10.83
p1,1764752272.3196,3.537,-61.47,-72.97,11.18
p1,1764752272.4369,3.536,-62.43,-73.38,10.59
p1,1764752272.5686,3.524,-61.88,-73.68,11.5
p1,1764752282.3971,3.523,-61.78,-73.52,11.44
p1,1764752282.4192,3.538,-61.59,-73.87,12.01
p1,1764752282.5364,3.543,-61.78,-73.29,11.19
p1,1764752282.6682,3.53,-61.92,-73.35,11.11
p1,1764752292.4966,3.537,-62.4,-73.5,10.74
p1,1764752292.5186,3.536,-62.29,-73.37,10.72
p1,1764752292.6356,3.536,-62.3,-73.33,10.67
p1,1764752292.7676,3.538,-62.33,-73.66,11
p1,1764752302.5959,3.517,-62.74,-73.18,10.03
p1,1764752302.6179,3.538,-62.12,-72.65,10.12
p1,1764752302.7351,3.528,-62.12,-72.98,10.49
p1,1764752302.8671,3.535,-62.8,-73.67,10.49
C,1764752308.004,5,0
p1,1764752312.6954,3.533,-61.95,-73.37,11.09
p1,1764752312.7174,3.538,-61.89,-73.31,11.1
p1,1764752312.8346,3.526,-61.8,-73.83,11.75
p1,1764752312.9664,3.522,-61.93,-73.99,11.78
p1,1764752322.7949,3.529,-61.4,-73.49,11.81
p1,1764752322.8169,3.54,-61.61,-73.6,11.7
p1,1764752322.9341,3.542,-61.73,-73.55,11.52
p1,1764752323.0659,3.525,-61.69,-73.61,11.63
G,1764752326,13.091911667,-16.768835,20
C,1764752328.004,4,0
p1,1764752332.8944,3.544,-61.66,-73.07,11.08
p1,1764752332.9164,3.55,-61.65,-73,11.01
p1,1764752333.0334,3.537,-62.17,-73.32,10.8
p1,1764752333.1654,3.534,-62.3,-73.41,10.75
p1,1764752342.9939,3.521,-61.46,-73.44,11.7
p1,1764752343.0156,3.522,-62.49,-73.43,10.57
p1,1764752343.1329,3.526,-61.88,-73.21,11
p1,1764752343.2649,3.533,-61.55,-73.27,11.42
p1,1764752353.0931,3.522,-61.6,-73.92,12.06
p1,1764752353.1151,3.53,-62,-73.79,11.49
p1,1764752353.2324,3.53,-61.73,-73.59,11.57
p1,1764752353.3641,3.528,-61.6,-73.59,11.71
p1,1764752363.1926,3.533,-61.61,-73.57,11.68
p1,1764752363.2146,3.548,-61.79,-73.79,11.72
p1,1764752363.3319,3.523,-61.94,-73.57,11.32
p1,1764752363.4636,3.53,-61.61,-73.25,11.33
p1,1764752373.2921,3.538,-62.12,-73.01,10.52
p1,1764752373.3141,3.545,-61.96,-73.4,11.11
p1,1764752373.4311,3.523,-62.5,-73.07,10.17
p1,1764752373.5631,3.556,-61.58,-73.04,11.14
p1,1764752383.3916,3.52,-61.72,-72.87,10.8
p1,1764752383.4136,3.531,-61.92,-73.17,10.91
p1,1764752383.5306,3.532,-61.11,-73.28,11.9
p1,1764752383.6626,3.536,-61.41,-73.46,11.77
G,1764752386,13.091916667,-16.76884,19.8
p1,1764752393.4909,3.538,-61.78,-73.47,11.39
p1,1764752393.5128,3.539,-61.82,-73.16,11.01
p1,1764752393.6301,3.531,-61.83,-73.41,11.27
p1,1764752393.7618,3.533,-62.55,-73.73,10.84
p1,1764752403.5903,3.525,-61.99,-72.91,10.55
p1,1764752403.6123,3.522,-62.06,-73.55,11.17
p1,1764752403.7296,3.536,-61.95,-72.92,10.61
p1,1764752403.8613,3.546,-61.86,-73.41,11.24
C,1764752408.004,5,0
p1,1764752413.6898,3.546,-61.42,-72.96,11.22
p1,1764752413.7118,3.548,-62.39,-72.95,10.16
p1,1764752413.8291,3.528,-61.59,-73.07,11.16
p1,1764752413.9608,3.544,-62.18,-73.44,10.92
p1,1764752423.7893,3.522,-62.51,-73.42,10.54
p1,1764752423.8113,3.546,-62.88,-73.77,10.52
p1,1764752423.9283,3.537,-61.9,-73.06,10.82
p1,1764752424.0603,3.529,-62.03,-73.28,10.91
C,1764752428.005,4,0
p1,1764752433.8888,3.525,-62.5,-73.24,10.36
p1,1764752433.9106,3.529,-62.07,-74.08,11.73
p1,1764752434.0278,3.53,-61.89,-73.3,11.09
p1,1764752434.1596,3.528,-61.97,-73.51,11.22
p1,1764752443.9881,3.521,-61.58,-73.76,11.91
p1,1764752444.0101,3.533,-61.44,-73.14,11.4
p1,1764752444.1273,3.542,-61.76,-73.57,11.51
p1,1764752444.2591,3.529,-61.84,-73.1,10.92
G,1764752446,13.091918333,-16.768858333,19.7
C,1764752448.004,5,0
p1,1764752454.0876,3.515,-61.68,-73.29,11.3
p1,1764752454.1096,3.524,-61.93,-73.53,11.29
p1,1764752454.2268,3.527,-61.81,-73.16,11.03
p1,1764752454.3586,3.537,-62.17,-73.58,11.08
p1,1764752464.1871,3.53,-62.11,-72.97,10.48
p1,1764752464.2091,3.528,-61.92,-73.58,11.35
p1,1764752464.3261,3.538,-61.48,-73.6,11.85
p1,1764752464.4581,3.534,-61.43,-73.79,12.1
p1,1764752474.2866,3.52,-62,-73.25,10.9
p1,1764752474.3083,3.526,-61.89,-73.63,11.44
p1,1764752474.4255,3.546,-61.74,-73.62,11.59
p1,1764752474.5573,3.536,-61.56,-73.75,11.92
p1,1764752484.3858,3.521,-61.5,-73.53,11.75
p1,1764752484.4078,3.526,-61.48,-73.89,12.15
p1,1764752484.5250,3.533,-62.17,-73.72,11.23
p1,1764752484.6568,3.538,-61.78,-73.7,11.63
C,1764752488.005,4,0
p1,1764752494.4853,3.524,-61.95,-73.37,11.1
p1,1764752494.5073,3.531,-62,-73.77,11.48
p1,1764752494.6243,3.543,-61.89,-73.36,11.15
p1,1764752494.7563,3.528,-61.51,-73.46,11.67
p1,1764752504.5848,3.532,-62.18,-73.91,11.43
p1,1764752504.6068,3.53,-61.53,-73.81,12.02
p1,1764752504.7238,3.54,-61.98,-74.02,11.77
p1,1764752504.8558,3.526,-61.45,-73.99,12.3
G,1764752506,13.091921667,-16.768868333,19.5
C,1764752508.005,5,0
p1,1764752514.6843,3.527,-62.64,-73.06,10.01
p1,1764752514.7060,3.537,-61.68,-73.57,11.59
p1,1764752514.8233,3.527,-61.92,-73.52,11.29
p1,1764752514.9550,3.515,-61.66,-73.41,11.45
p1,1764752524.7835,3.534,-61.37,-73.54,11.9
p1,1764752524.8055,3.53,-61.29,-74.11,12.59
p1,1764752524.9228,3.536,-62.05,-73.83,11.48
p1,1764752525.0545,3.536,-61.36,-73.89,12.28
C,1764752528.004,4,0
p1,1764752534.8830,3.53,-61.47,-73.92,12.2
p1,1764752534.9050,3.54,-61.26,-73.78,12.26
p1,1764752535.0220,3.529,-61.69,-73.54,11.56
p1,1764752535.1540,3.534,-61.64,-74.41,12.54
p1,1764752544.9825,3.529,-62.22,-73.31,10.74
p1,1764752545.0045,3.532,-61.63,-73.44,11.51
p1,1764752545.1215,3.534,-61.87,-73.72,11.55
p1,1764752545.2535,3.526,-61.76,-73.69,11.65
p1,1764752555.0820,3.528,-62.07,-73.11,10.68
p1,1764752555.1038,3.536,-61.31,-72.53,10.87
p1,1764752555.2210,3.539,-61.96,-73.36,11.07
p1,1764752555.3528,3.547,-61.88,-73.69,11.52
p1,1764752565.1813,3.525,-61.97,-73.48,11.19
p1,1764752565.2033,3.521,-61.56,-73.87,12.04
p1,1764752565.3205,3.535,-62.26,-73.63,11.04
p1,1764752565.4523,3.534,-62.12,-73.79,11.37
G,1764752566,13.091916667,-16.768871667,19.2
C,1764752568.004,5,0
p1,1764752575.2808,3.517,-62.61,-73.56,10.59
p1,1764752575.3027,3.514,-61.58,-73.87,12.02
p1,1764752575.4200,3.525,-61.84,-73.91,11.79
p1,1764752575.5518,3.561,-61.22,-73.53,12.05
p1,1764752585.3803,3.525,-62.03,-73.36,11
p1,1764752585.4022,3.524,-61.44,-73.68,11.97
p1,1764752585.5193,3.53,-62.07,-73.46,11.06
p1,1764752585.6512,3.531,-62.36,-73.32,10.59
C,1764752588.005,4,0
p1,1764752595.4795,3.537,-62.41,-73.71,10.97
p1,1764752595.5017,3.536,-62.18,-73.92,11.44
p1,1764752595.6188,3.516,-62.3,-73.62,10.99
p1,1764752595.7508,3.539,-62.92,-73.32,9.986
p1,1764752605.5790,3.528,-62.28,-73.81,11.22
p1,1764752605.6010,3.534,-61.74,-73.91,11.9
p1,1764752605.7182,3.523,-61.59,-74.03,12.18
p1,1764752605.8500,3.528,-61.44,-73.45,11.73
p1,1764752615.6785,3.54,-61.38,-73.32,11.65
p1,1764752615.7005,3.534,-62.09,-72.85,10.38
p1,1764752615.8177,3.517,-61.82,-73.62,11.5
p1,1764752615.9495,3.526,-61.8,-73.66,11.57
p1,1764752625.7780,3.524,-61.73,-73.38,11.34
p1,1764752625.7997,3.517,-62.44,-74.21,11.48
p1,1764752625.9170,3.542,-62.37,-73.45,10.74
p1,1764752626.0490,3.536,-62.01,-73.95,11.65
G,1764752626,13.091886667,-16.768905,19.4
C,1764752628.004,5,0
p1,1764752635.8775,3.52,-61.8,-73.36,11.25
p1,1764752635.8992,3.532,-61.66,-73.77,11.84
p1,1764752636.0165,3.527,-61.85,-73.76,11.63
p1,1764752636.1485,3.533,-61.74,-73.3,11.24
p1,1764752645.9767,3.538,-61.94,-73.51,11.26
p1,1764752645.9987,3.538,-61.8,-73.59,11.5
p1,1764752646.1160,3.531,-62.28,-73.76,11.16
p1,1764752646.2477,3.539,-62.01,-73.46,11.13
C,1764752648.005,4,0
p1,1764752656.0762,3.525,-62.54,-74.19,11.34
p1,1764752656.0982,3.529,-62.49,-73.59,10.76
p1,1764752656.2155,3.527,-61.43,-73.78,12.09
p1,1764752656.3472,3.546,-61.88,-73.91,11.75
p1,1764752666.1757,3.534,-62.12,-73.37,10.91
p1,1764752666.1977,3.54,-61.27,-73.55,12
p1,1764752666.3147,3.527,-61.93,-73.94,11.72
p1,1764752666.4467,3.533,-61.42,-73.31,11.6
C,1764752668.006,5,0
p1,1764752676.2750,3.536,-62.32,-73.47,10.8
p1,1764752676.2970,3.517,-61.35,-73.47,11.85
p1,1764752676.4142,3.539,-61.97,-73.85,11.59
p1,1764752676.5460,3.535,-61.6,-73.71,11.84
p1,1764752686.3745,3.53,-61.91,-73.41,11.17
p1,1764752686.3965,3.538,-61.66,-73.04,11.05
p1,1764752686.5137,3.524,-61.79,-73.51,11.42
p1,1764752686.6455,3.529,-61.87,-73.69,11.52
G,1764752686,13.091888333,-16.768905,19.9
C,1764752688.004,4,0
p1,1764752696.4740,3.517,-62.04,-73.63,11.28
p1,1764752696.4960,3.531,-61.49,-73.43,11.65
p1,1764752696.6132,3.526,-61.54,-73.66,11.84
p1,1764752696.7450,3.536,-62.06,-73.55,11.18
p1,1764752706.5735,3.532,-61.89,-73.02,10.78
p1,1764752706.5954,3.529,-61.61,-73.31,11.39
p1,1764752706.7125,3.532,-61.72,-73.2,11.16
p1,1764752706.8444,3.519,-62.12,-73.12,10.64
p1,1764752716.6730,3.536,-61.85,-73.76,11.62
p1,1764752716.6947,3.533,-61.59,-74.35,12.52
p1,1764752716.8120,3.539,-61.96,-73.7,11.43
p1,1764752716.9437,3.529,-62.25,-73.75,11.18
p1,1764752726.7722,3.523,-62.63,-73.74,10.75
p1,1764752726.7942,3.526,-62.34,-74.01,11.36
p1,1764752726.9114,3.519,-62.36,-73.64,10.95
p1,1764752727.0432,3.523,-61.77,-73.55,11.49
C,1764752728.004,5,0
p1,1764752736.8717,3.526,-61.3,-73.76,12.2
p1,1764752736.8937,3.527,-62.41,-73.56,10.81
p1,1764752737.0109,3.538,-61.9,-72.64,10.36
p1,1764752737.1427,3.525,-61.58,-73.2,11.32
p1,1764752746.9712,3.543,-62.1,-73.81,11.41
p1,1764752746.9932,3.519,-61.76,-73.64,11.59
p1,1764752747.1102,3.538,-62.32,-73.4,10.73
p1,1764752747.2422,3.524,-62.04,-74.17,11.85
G,1764752746,13.091893333,-16.7689,20.1
C,1764752748.002,4,0
p1,1764752757.0707,3.523,-62.56,-73.58,10.66
p1,1764752757.0924,3.536,-61.54,-73.26,11.42
p1,1764752757.2097,3.534,-61.83,-73.67,11.55
p1,1764752757.3414,3.532,-62.18,-73.07,10.52
p1,1764752767.1702,3.528,-61.77,-73.42,11.33
p1,1764752767.1919,3.521,-61.67,-73.6,11.65
p1,1764752767.3092,3.532,-61.73,-73.63,11.61
p1,1764752767.4409,3.53,-62.26,-73.62,11.04
p1,1764752777.2694,3.524,-61.73,-73.53,11.5
p1,1764752777.2914,3.531,-61.8,-73.69,11.6
p1,1764752777.4087,3.541,-61.63,-73.14,11.2
p1,1764752777.5404,3.527,-61.31,-73.9,12.34
p1,1764752787.3689,3.514,-61.3,-73.05,11.45
p1,1764752787.3909,3.542,-61.57,-72.89,10.99
p1,1764752787.5079,3.536,-61.39,-73.17,11.48
p1,1764752787.6399,3.527,-61.72,-73.5,11.47
C,1764752788.005,5,0
p1,1764752797.4682,3.519,-61.63,-73.39,11.46
p1,1764752797.4904,3.525,-61.92,-73.43,11.2
p1,1764752797.6074,3.542,-61.24,-73.43,11.92
p1,1764752797.7392,3.533,-61.09,-72.68,11.27
G,1764752806,13.091893333,-16.768888333,20.6
p1,1764752807.5677,3.517,-62.43,-72.84,9.992
p1,1764752807.5897,3.522,-61.56,-73.52,11.68
p1,1764752807.7069,3.512,-62.09,-73.7,11.31
p1,1764752807.8387,3.521,-61.64,-73.46,11.51
C,1764752808.005,4,0
p1,1764752817.6672,3.529,-61.83,-73.22,11.06
p1,1764752817.6892,3.534,-61.21,-73.12,11.62
p1,1764752817.8064,3.52,-61.59,-73.52,11.64
p1,1764752817.9381,3.53,-62.15,-73.32,10.83
p1,1764752827.7666,3.534,-61.86,-73.5,11.33
p1,1764752827.7887,3.531,-62.08,-73.86,11.48
p1,1764752827.9059,3.526,-62.06,-74.28,11.96
p1,1764752828.0376,3.523,-61.76,-73.91,11.87
p1,1764752837.8661,3.521,-61.39,-73.71,12.06
p1,1764752837.8881,3.53,-61.79,-73.49,11.41
p1,1764752838.0051,3.521,-61.48,-73.29,11.51
p1,1764752838.1372,3.526,-61.9,-73.38,11.16
p1,1764752847.9654,3.535,-61.66,-73.95,12.03
p1,1764752847.9874,3.513,-61.78,-73.62,11.54
p1,1764752848.1046,3.52,-61.72,-73.45,11.43
p1,1764752848.2364,3.533,-61.68,-72.8,10.76
C,1764752855.272,4,0
p1,1764752858.0649,3.515,-61.86,-73.59,11.42
p1,1764752858.0869,3.526,-61.42,-73.79,12.12
p1,1764752858.2041,3.531,-61.7,-74.17,12.21
p1,1764752858.3359,3.53,-61.97,-73.52,11.23
G,1764752866,13.091896667,-16.768878333,20.9
p1,1764752868.1644,3.533,-62.11,-73.45,11.01
p1,1764752868.1864,3.532,-61.71,-73.7,11.7
p1,1764752868.3034,3.528,-61.9,-73.87,11.68
p1,1764752868.4354,3.531,-61.59,-73.54,11.65
p1,1764752878.2636,3.528,-61.72,-73.43,11.4
p1,1764752878.2859,3.538,-61.43,-73.46,11.75
p1,1764752878.4029,3.537,-61.41,-73.52,11.84
p1,1764752878.5346,3.538,-62.06,-73.5,11.13
C,1764752888.004,5,0
p1,1764752888.3631,3.522,-61.34,-74.03,12.46
p1,1764752888.3851,3.55,-62.15,-73.54,11.06
p1,1764752888.5024,3.543,-62.02,-73.64,11.31
p1,1764752888.6341,3.522,-62.05,-73.45,11.08
p1,1764752898.4626,3.526,-61.71,-73.38,11.36
p1,1764752898.4846,3.522,-62.26,-73.34,10.73
p1,1764752898.6019,3.521,-62.5,-73.4,10.52
p1,1764752898.7336,3.536,-62.15,-73.06,10.55
C,1764752908.004,4,0
p1,1764752908.5621,3.519,-61.55,-73.64,11.82
p1,1764752908.5841,3.53,-61.78,-73.49,11.4
p1,1764752908.7014,3.527,-62.06,-74.19,11.85
p1,1764752908.8331,3.528,-61.5,-73.39,11.6
p1,1764752918.6616,3.528,-61.55,-73.49,11.66
p1,1764752918.6836,3.54,-62.06,-73.11,10.7
p1,1764752918.8006,3.519,-61.78,-73.46,11.37
p1,1764752918.9326,3.53,-61.7,-73.17,11.15
G,1764752926,13.091893333,-16.768863333,21.4
p1,1764752928.7608,3.523,-61.5,-73.12,11.32
p1,1764752928.7829,3.523,-61.39,-73.82,12.18
p1,1764752928.9001,3.527,-62.02,-73.12,10.74
p1,1764752929.0318,3.533,-61.29,-73.27,11.69
p1,1764752938.8603,3.513,-61.98,-73.22,10.9
p1,1764752938.8823,3.531,-62.11,-73.07,10.6
p1,1764752938.9996,3.516,-61.68,-73.73,11.77
p1,1764752939.1314,3.521,-61.72,-73.44,11.41
C,1764752948.004,5,0
p1,1764752948.9598,3.538,-61.94,-73.04,10.75
p1,1764752948.9818,3.524,-62.22,-73.4,10.84
p1,1764752949.0988,3.544,-62.01,-73.8,11.49
p1,1764752949.2308,3.533,-61.11,-73.92,12.58
p1,1764752959.0593,3.524,-61.57,-73.44,11.58
p1,1764752959.0811,3.522,-61.48,-73.11,11.32
p1,1764752959.1983,3.534,-61.68,-73.24,11.24
p1,1764752959.3301,3.52,-61.32,-73.03,11.41
C,1764752968.005,4,0
p1,1764752969.1586,3.518,-61.93,-73.31,11.05
p1,1764752969.1806,3.527,-61.89,-73.06,10.82
p1,1764752969.2978,3.517,-62.43,-73.38,10.59
p1,1764752969.4296,3.524,-62.22,-73.38,10.82
p1,1764752979.2581,3.518,-61.15,-73.54,12.12
p1,1764752979.2801,3.53,-62.2,-74.34,11.86
p1,1764752979.3973,3.521,-61.73,-73.56,11.54
p1,1764752979.5291,3.534,-61.54,-73.38,11.54
G,1764752986,13.091891667,-16.768861667,21.6
p1,1764752989.3576,3.517,-62.09,-73,10.54
p1,1764752989.3796,3.533,-61.8,-73.12,10.99
p1,1764752989.4968,3.519,-61.93,-73.19,10.93
p1,1764752989.6286,3.521,-61.54,-73.66,11.85
p1,1764752999.4568,3.539,-61.39,-73.1,11.41
p1,1764752999.4791,3.532,-61.87,-73.67,11.5
p1,1764752999.5961,3.532,-61.78,-73.62,11.55
p1,1764752999.7278,3.519,-61.28,-72.7,11.09
p1,1764753009.5563,3.513,-61.88,-73.14,10.93
p1,1764753009.5783,3.523,-61.19,-73.78,12.35
p1,1764753009.6956,3.534,-61.7,-73.37,11.36
p1,1764753009.8273,3.53,-61.4,-73.72,12.05
p1,1764753019.6558,3.518,-62.06,-73.83,11.47
p1,1764753019.6778,3.518,-61.76,-73.89,11.86
p1,1764753019.7951,3.522,-61.86,-73.27,11.09
p1,1764753019.9268,3.527,-62.02,-73.53,11.19
p1,1764753029.7553,3.518,-61.4,-73.29,11.6
p1,1764753029.7773,3.533,-61.45,-73.62,11.9
p1,1764753029.8946,3.527,-61.3,-73.93,12.38
p1,1764753030.0263,3.523,-61.81,-73.51,11.4
p1,1764753039.8546,3.504,-61.78,-73.37,11.27
p1,1764753039.8766,3.53,-61.58,-73.53,11.66
p1,1764753039.9938,3.519,-61.51,-73.77,11.99
p1,1764753040.1255,3.522,-61.77,-73.27,11.18
G,1764753046,13.091898333,-16.768855,22
C,1764753048.005,5,0
p1,1764753049.9540,3.526,-61.85,-73.77,11.64
p1,1764753049.9760,3.522,-61.62,-73.85,11.97
p1,1764753050.0933,3.527,-61.54,-73.26,11.42
p1,1764753050.2250,3.528,-61.59,-73.5,11.62
p1,1764753060.0535,3.529,-62.25,-73.92,11.37
p1,1764753060.0755,3.527,-63.07,-73.79,10.34
p1,1764753060.1928,3.54,-62.07,-74.06,11.71
p1,1764753060.3245,3.517,-62.35,-74.05,11.4
C,1764753068.004,4,0
p1,1764753070.1530,3.522,-61.23,-73.78,12.3
p1,1764753070.1750,3.517,-61.46,-72.97,11.19
p1,1764753070.2923,3.52,-62.46,-73.86,11.07
p1,1764753070.4240,3.524,-62.34,-73.53,10.85
p1,1764753080.2525,3.533,-61.65,-73.35,11.4
p1,1764753080.2743,3.531,-61.6,-73.42,11.52
p1,1764753080.3918,3.529,-62.53,-73.21,10.3
p1,1764753080.5235,3.533,-62.26,-73.53,10.93
p1,1764753090.3518,3.514,-61.81,-73.4,11.28
p1,1764753090.3738,3.523,-61.81,-73.18,11.04
p1,1764753090.4910,3.521,-62.57,-72.53,9.497
p1,1764753090.6228,3.513,-61.83,-73.28,11.13
p1,1764753100.4513,3.534,-61.49,-73.79,12.04
p1,1764753100.4733,3.526,-62.33,-73.68,11.02
p1,1764753100.5905,3.514,-61.87,-73.77,11.61
p1,1764753100.7223,3.523,-61.02,-72.71,11.38
G,1764753106,13.091875,-16.768853333,22.4
C,1764753108.005,5,0
p1,1764753110.5507,3.534,-61.69,-73.23,11.22
p1,1764753110.5727,3.525,-61.19,-73.12,11.64
p1,1764753110.6898,3.52,-61.58,-73.39,11.51
p1,1764753110.8217,3.514,-61.78,-73.36,11.27
p1,1764753120.6503,3.529,-62.06,-73.59,11.21
p1,1764753120.6720,3.531,-61.81,-73.99,11.9
p1,1764753120.7893,3.524,-61.89,-72.99,10.75
p1,1764753120.9210,3.515,-61.62,-71.97,9.929
C,1764753128.007,4,0
p1,1764753130.7495,3.522,-62.28,-73.74,11.14
p1,1764753130.7715,3.542,-61.86,-74.04,11.91
p1,1764753130.8888,3.517,-61.99,-73.15,10.82
p1,1764753131.0205,3.516,-61.8,-73.51,11.4
p1,1764753140.8490,3.527,-62.29,-73.39,10.75
p1,1764753140.8710,3.528,-62.39,-73.23,10.46
p1,1764753140.9882,3.518,-62.35,-72.81,10.04
p1,1764753141.1200,3.532,-61.66,-73.36,11.39
p1,1764753150.9485,3.525,-62.05,-73.46,11.09
p1,1764753150.9705,3.532,-62.1,-73.19,10.74
p1,1764753151.0877,3.53,-61.95,-73.45,11.18
p1,1764753151.2195,3.52,-62.07,-72.98,10.55
p1,1764753161.0480,3.528,-61.88,-73.74,11.56
p1,1764753161.0700,3.527,-61.62,-73.54,11.63
p1,1764753161.1870,3.51,-61.62,-73.1,11.16
p1,1764753161.3190,3.516,-61.48,-73.57,11.82
G,1764753166,13.091875,-16.768866667,23.1
p1,1764753171.1472,3.524,-62.31,-72.8,10.07
p1,1764753171.1692,3.526,-61.88,-72.38,10.1
p1,1764753171.2865,3.523,-62.04,-73.25,10.87
p1,1764753171.4182,3.534,-61.62,-72.74,10.77
p1,1764753181.2467,3.525,-61.7,-73.23,11.21
p1,1764753181.2687,3.537,-62.38,-72.92,10.14
p1,1764753181.3860,3.531,-62.52,-72.68,9.719
p1,1764753181.5177,3.513,-61.52,-73.57,11.78
p1,1764753191.3462,3.524,-62.23,-73.42,10.85
p1,1764753191.3683,3.529,-61.6,-73.81,11.94
p1,1764753191.4855,3.532,-62.25,-72.89,10.25
p1,1764753191.6172,3.522,-61.73,-72.95,10.89
p1,1764753201.4457,3.528,-62.7,-73.68,10.61
p1,1764753201.4675,3.529,-61.89,-73.83,11.65
p1,1764753201.5847,3.533,-61.48,-73.44,11.68
p1,1764753201.7165,3.53,-62.98,-73.74,10.38
p1,1764753211.5450,3.52,-61.3,-72.79,11.17
p1,1764753211.5670,3.524,-62,-72.63,10.24
p1,1764753211.6842,3.523,-61.74,-73.96,11.95
p1,1764753211.8160,3.512,-62.02,-73.29,10.93
p1,1764753221.6445,3.527,-62.34,-73.65,10.98
p1,1764753221.6665,3.529,-62.05,-72.83,10.4
p1,1764753221.7837,3.53,-61.71,-72.98,10.94
p1,1764753221.9155,3.509,-61.3,-73.38,11.79
G,1764753226,13.09187,-16.768871667,23.5
p1,1764753231.7440,3.528,-62.14,-72.89,10.36
p1,1764753231.7660,3.522,-61.22,-73.71,12.23
p1,1764753231.8830,3.533,-61.85,-73.24,11.06
p1,1764753232.0150,3.537,-61.88,-73.14,10.92
p1,1764753241.8435,3.527,-61.87,-73.23,11.03
p1,1764753241.8652,3.525,-61.9,-73.13,10.89
p1,1764753241.9825,3.528,-61.73,-73.5,11.47
p1,1764753242.1142,3.518,-61.22,-73.43,11.94
p1,1764753251.9427,3.525,-62.16,-73.77,11.3
p1,1764753251.9647,3.53,-61.41,-74.02,12.37
p1,1764753252.0820,3.534,-61.92,-73.5,11.26
p1,1764753252.2137,3.524,-62.23,-73.42,10.85
p1,1764753262.0422,3.533,-61.78,-73.13,11.02
p1,1764753262.0642,3.527,-61.87,-73.5,11.32
p1,1764753262.1814,3.509,-61.8,-73.37,11.26
p1,1764753262.3132,3.525,-61.5,-72.96,11.13
C,1764753268.004,5,0
p1,1764753272.1417,3.522,-62.11,-72.72,10.21
p1,1764753272.1637,3.528,-62.48,-73.24,10.38
p1,1764753272.2807,3.537,-61.7,-73.45,11.45
p1,1764753272.4127,3.521,-61.62,-73.44,11.52
p1,1764753282.2409,3.512,-62.19,-73.64,11.13
p1,1764753282.2629,3.535,-61.79,-73.04,10.91
p1,1764753282.3802,3.528,-61.61,-72.75,10.8
p1,1764753282.5119,3.519,-62.1,-73.22,10.78
G,1764753286,13.091861667,-16.768873333,24.2
C,1764753288.005,4,0
p1,1764753292.3407,3.528,-61.91,-72.93,10.66
p1,1764753292.3624,3.52,-62.05,-72.82,10.39
p1,1764753292.4797,3.534,-61.88,-73.38,11.18
p1,1764753292.6114,3.535,-61.68,-72.78,10.75
p1,1764753302.4399,3.516,-61.75,-73.33,11.27
p1,1764753302.4619,3.528,-62.25,-73.12,10.5
p1,1764753302.5792,3.534,-61.78,-72.55,10.39
p1,1764753302.7109,3.535,-61.94,-73.17,10.9
C,1764753308.004,5,0
p1,1764753312.5394,3.524,-62.35,-73.03,10.29
p1,1764753312.5614,3.538,-62.1,-72.9,10.42
p1,1764753312.6784,3.544,-62.07,-72.99,10.55
p1,1764753312.8104,3.518,-61.67,-72.99,10.99
p1,1764753322.6387,3.53,-61.79,-73.03,10.89
p1,1764753322.6609,3.53,-61.5,-72.27,10.39
p1,1764753322.7779,3.529,-60.81,-72.61,11.5
p1,1764753322.9097,3.517,-62.28,-73.94,11.34
C,1764753328.005,4,0
p1,1764753332.7382,3.528,-62.31,-73.76,11.13
p1,1764753332.7602,3.536,-62.34,-73.77,11.11
p1,1764753332.8774,3.517,-61.33,-73.38,11.77
p1,1764753333.0092,3.528,-61.6,-73.09,11.18
p1,1764753342.8377,3.517,-61.53,-72.91,11.05
p1,1764753342.8597,3.532,-61.12,-72.88,11.46
p1,1764753342.9769,3.538,-61.28,-73.21,11.64
p1,1764753343.1087,3.522,-62.03,-73.03,10.63
G,1764753346,13.091855,-16.76887,24.5
p1,1764753352.9371,3.519,-61.95,-73.28,11
p1,1764753352.9591,3.525,-62.53,-73.28,10.37
p1,1764753353.0761,3.516,-62.29,-72.92,10.24
p1,1764753353.2081,3.525,-62.43,-73.38,10.59
p1,1764753363.0366,3.521,-62.06,-73.94,11.59
p1,1764753363.0584,3.525,-62.38,-73.85,11.15
p1,1764753363.1757,3.53,-61.87,-73.51,11.33
p1,1764753363.3074,3.53,-62.11,-73.93,11.53
C,1764753368.006,5,0
p1,1764753373.1362,3.535,-62.08,-73.01,10.56
p1,1764753373.1579,3.537,-62.5,-73.22,10.34
p1,1764753373.2751,3.519,-61.87,-73.15,10.94
p1,1764753373.4069,3.513,-61.89,-72.96,10.71
p1,1764753383.2354,3.516,-61.42,-73.55,11.86
p1,1764753383.2574,3.508,-62.46,-73.43,10.61
p1,1764753383.3746,3.516,-61.93,-72.82,10.52
p1,1764753383.5064,3.522,-61.6,-73.72,11.84
C,1764753388.007,4,0
p1,1764753393.3349,3.518,-62.56,-72.76,9.768
p1,1764753393.3566,3.528,-62.46,-73.33,10.5
p1,1764753393.4739,3.52,-61.65,-73.1,11.12
p1,1764753393.6059,3.514,-62.21,-73.64,11.11
p1,1764753403.4344,3.516,-61.9,-73.29,11.06
p1,1764753403.4561,3.513,-61.76,-73.64,11.59
p1,1764753403.5734,3.522,-62.38,-73.92,11.23
p1,1764753403.7051,3.526,-62.06,-73.21,10.8
G,1764753406,13.091846667,-16.768871667,24.8
p1,1764753413.5336,3.521,-61.79,-73.99,11.93
p1,1764753413.5556,3.522,-62.14,-73.27,10.78
p1,1764753413.6729,3.529,-62.09,-73.02,10.57
p1,1764753413.8046,3.515,-61.62,-73.47,11.56
p1,1764753423.6331,3.529,-62.51,-72.84,9.915
p1,1764753423.6551,3.531,-62.15,-72.82,10.29
p1,1764753423.7724,3.523,-62.6,-72.98,9.961
p1,1764753423.9041,3.521,-61.91,-73.13,10.88
C,1764753428.006,5,0
p1,1764753433.7326,3.521,-62.72,-72.98,9.83
p1,1764753433.7546,3.516,-62.02,-73.19,10.83
p1,1764753433.8716,3.526,-62.66,-72.94,9.852
p1,1764753434.0036,3.517,-62.44,-73.33,10.53
p1,1764753443.8321,3.518,-62.06,-73.16,10.75
p1,1764753443.8539,3.534,-61.4,-73.18,11.48
p1,1764753443.9711,3.523,-62.02,-72.98,10.59
p1,1764753444.1029,3.535,-61.89,-73.4,11.19
C,1764753448.006,4,0
p1,1764753453.9314,3.508,-62.06,-72.78,10.33
p1,1764753453.9534,3.522,-62.06,-73.22,10.81
p1,1764753454.0706,3.518,-62.08,-72.66,10.19
p1,1764753454.2024,3.52,-61.37,-73.4,11.74
C,1764753455.707,4,0
p1,1764753464.0309,3.517,-61.67,-73.09,11.1
p1,1764753464.0529,3.533,-61.82,-72.63,10.43
p1,1764753464.1701,3.511,-62.16,-73.2,10.68
p1,1764753464.3019,3.525,-61.42,-73.46,11.76
G,1764753466,13.091851667,-16.768873333,25.2
C,1764753468.005,5,0
p1,1764753474.1303,3.511,-61.69,-73.21,11.21
p1,1764753474.1523,3.519,-62.11,-72.75,10.24
p1,1764753474.2693,3.523,-62.11,-72.78,10.28
p1,1764753474.4013,3.527,-61.68,-73.35,11.37
p1,1764753484.2298,3.528,-62.16,-74.01,11.56
p1,1764753484.2516,3.526,-62.09,-73.06,10.61
p1,1764753484.3689,3.531,-62.13,-73.53,11.08
p1,1764753484.5006,3.527,-62.86,-73.68,10.45
C,1764753488.005,4,0
p1,1764753494.3291,3.51,-61.99,-73.17,10.83
p1,1764753494.3511,3.524,-61.56,-73.41,11.55
p1,1764753494.4683,3.532,-62.35,-73.45,10.74
p1,1764753494.6001,3.517,-61.97,-72.82,10.48
p1,1764753504.4286,3.522,-62.33,-72.73,9.979
p1,1764753504.4506,3.525,-62.26,-73.2,10.57
p1,1764753504.5678,3.528,-61.91,-72.76,10.48
p1,1764753504.6996,3.533,-61.69,-73.44,11.45
p1,1764753514.5281,3.514,-61.78,-73.06,10.94
p1,1764753514.5501,3.521,-62.13,-72.91,10.4
p1,1764753514.6671,3.532,-61.64,-73.3,11.35
p1,1764753514.7988,3.523,-62.73,-72.65,9.454
p1,1764753524.6273,3.513,-61.45,-72.93,11.15
p1,1764753524.6493,3.531,-62.48,-72.62,9.698
p1,1764753524.7666,3.527,-61.63,-73.64,11.73
p1,1764753524.8983,3.508,-62.7,-73.26,10.16
G,1764753526,13.091855,-16.768878333,25
C,1764753528.005,5,0
p1,1764753534.7268,3.523,-61.91,-73.26,11.02
p1,1764753534.7488,3.532,-61.65,-73.34,11.39
p1,1764753534.8661,3.524,-62.28,-73.58,10.96
p1,1764753534.9978,3.503,-62.62,-73.23,10.22
p1,1764753544.8263,3.519,-61.88,-73.2,10.99
p1,1764753544.8483,3.518,-61.9,-73.12,10.88
p1,1764753544.9655,3.545,-62.37,-73.26,10.52
p1,1764753545.0973,3.526,-62.78,-73.39,10.22
C,1764753548.005,4,0
p1,1764753554.9258,3.519,-62.45,-73.21,10.38
p1,1764753554.9475,3.525,-62.16,-73.15,10.63
p1,1764753555.0651,3.525,-62.13,-72.63,10.09
p1,1764753555.1968,3.519,-61.72,-73.09,11.04
p1,1764753565.0253,3.523,-62.32,-73.55,10.89
p1,1764753565.0471,3.512,-62.28,-73.11,10.45
p1,1764753565.1643,3.526,-61.85,-73.22,11.04
p1,1764753565.2963,3.518,-62.87,-73.39,10.12
p1,1764753575.1246,3.532,-61.18,-73.09,11.63
p1,1764753575.1466,3.53,-62.67,-72.74,9.62
p1,1764753575.2638,3.533,-62.59,-73.35,10.38
p1,1764753575.3955,3.526,-61.6,-73.08,11.16
p1,1764753585.2240,3.523,-62.37,-73.23,10.49
p1,1764753585.2460,3.531,-62.3,-72.72,10.01
p1,1764753585.3633,3.535,-62.83,-73.14,9.889
p1,1764753585.4951,3.524,-62.08,-73.15,10.72
G,1764753586,13.091855,-16.768875,24.8
C,1764753588.005,5,0
p1,1764753595.3235,3.538,-61.96,-72.86,10.53
p1,1764753595.3456,3.518,-62.73,-73.44,10.32
p1,1764753595.4626,3.52,-62.43,-73.43,10.64
p1,1764753595.5943,3.533,-62.19,-72.91,10.33
p1,1764753605.4230,3.522,-62.06,-72.96,10.54
p1,1764753605.4448,3.525,-61.25,-73,11.46
p1,1764753605.5620,3.528,-61.62,-72.96,11
p1,1764753605.6938,3.519,-62.04,-72.5,10.05
C,1764753608.004,4,0
p1,1764753615.5223,3.525,-62.5,-73.11,10.21
p1,1764753615.5443,3.534,-61.8,-73.15,11.02
p1,1764753615.6615,3.521,-61.78,-73.18,11.08
p1,1764753615.7933,3.527,-61.52,-73.25,11.42
p1,1764753625.6218,3.521,-61.96,-73.19,10.9
p1,1764753625.6438,3.524,-61.93,-73.04,10.76
p1,1764753625.7610,3.527,-61.73,-73.1,11.03
p1,1764753625.8928,3.53,-61.38,-72.95,11.26
C,1764753628.005,5,0
p1,1764753635.7213,3.538,-61.7,-73.43,11.43
p1,1764753635.7433,3.52,-61.92,-73.78,11.57
p1,1764753635.8603,3.511,-61.49,-72.89,11.08
p1,1764753635.9923,3.524,-61.36,-73.29,11.64
p1,1764753645.8205,3.53,-61.7,-72.77,10.72
p1,1764753645.8425,3.522,-61.92,-72.98,10.71
p1,1764753645.9598,3.531,-62.25,-72.72,10.06
p1,1764753646.0915,3.531,-62.08,-72.99,10.54
G,1764753646,13.09186,-16.768875,25.3
C,1764753648.006,4,0
p1,1764753655.9200,3.524,-61.86,-72.82,10.59
p1,1764753655.9420,3.528,-61.49,-73.03,11.22
p1,1764753656.0593,3.525,-61.6,-72.87,10.92
p1,1764753656.1910,3.534,-61.39,-73.22,11.54
p1,1764753666.0195,3.533,-62.25,-72.95,10.32
p1,1764753666.0415,3.515,-61.96,-72.88,10.56
p1,1764753666.1588,3.514,-61.79,-73.21,11.1
p1,1764753666.2905,3.517,-61.89,-73.3,11.09
p1,1764753676.1190,3.53,-61.93,-73.44,11.19
p1,1764753676.1410,3.516,-61.98,-72.94,10.6
p1,1764753676.2580,3.525,-61.9,-73.19,10.95
p1,1764753676.3900,3.535,-61.95,-72.42,10.06
p1,1764753686.2182,3.529,-62.08,-73.28,10.86
p1,1764753686.2402,3.521,-61.76,-73.15,11.06
p1,1764753686.3575,3.519,-61.72,-72.91,10.85
p1,1764753686.4892,3.527,-62.29,-72.7,9.997
C,1764753688.007,5,0
p1,1764753696.3177,3.532,-61.92,-73.22,10.97
p1,1764753696.3397,3.532,-62.23,-73.05,10.44
p1,1764753696.4570,3.528,-61.9,-72.76,10.49
p1,1764753696.5887,3.54,-62.65,-73.04,9.97
p1,1764753706.4172,3.516,-62.31,-72.88,10.16
p1,1764753706.4392,3.526,-61.71,-72.85,10.79
p1,1764753706.5565,3.537,-62.04,-73,10.6
p1,1764753706.6883,3.521,-61.78,-73.03,10.9
G,1764753706,13.09186,-16.768885,25.2
C,1764753708.004,4,0
p1,1764753716.5165,3.541,-62.27,-73.2,10.56
p1,1764753716.5387,3.525,-62.3,-73.3,10.64
p1,1764753716.6557,3.529,-61.75,-73.22,11.15
p1,1764753716.7877,3.516,-62.29,-72.7,9.997
p1,1764753726.6160,3.533,-62.29,-72.7,10
p1,1764753726.6382,3.51,-62.31,-72.64,9.905
p1,1764753726.7552,3.519,-62.2,-73.03,10.45
p1,1764753726.8870,3.528,-62.18,-72.74,10.16
p1,1764753736.7155,3.524,-62.18,-72.47,9.856
p1,1764753736.7375,3.524,-62.58,-72.59,9.556
p1,1764753736.8547,3.525,-62.06,-73.27,10.86
p1,1764753736.9865,3.53,-61.98,-73.09,10.76
p1,1764753746.8150,3.522,-62.17,-73.45,10.94
p1,1764753746.8370,3.534,-62.45,-73.49,10.69
p1,1764753746.9540,3.52,-62.16,-73.14,10.62
p1,1764753747.0860,3.528,-62.04,-73.09,10.7
C,1764753748.005,5,0
p1,1764753756.9145,3.517,-62.09,-74,11.62
p1,1764753756.9365,3.522,-61.72,-74.06,12.08
p1,1764753757.0535,3.511,-61.86,-73.18,10.98
p1,1764753757.1855,3.521,-61.53,-73.94,12.15
p1,1764753767.0137,3.512,-62.07,-73.07,10.65
p1,1764753767.0357,3.522,-61.89,-73.16,10.94
p1,1764753767.1530,3.52,-61.61,-72.25,10.25
G,1764753766,13.091866667,-16.768885,25.5
p1,1764753767.2847,3.525,-61.42,-73.33,11.61
C,1764753768.005,4,0
p1,1764753777.1132,3.532,-61.92,-72.71,10.42
p1,1764753777.1352,3.525,-61.98,-72.7,10.34
p1,1764753777.2524,3.526,-62.19,-72.87,10.3
p1,1764753777.3842,3.509,-62.18,-73.03,10.47
p1,1764753787.2127,3.523,-61.86,-73.05,10.86
p1,1764753787.2347,3.531,-61.96,-73.15,10.85
p1,1764753787.3517,3.517,-62.96,-72.98,9.56
p1,1764753787.4837,3.525,-62.09,-73.51,11.09
p1,1764753797.3120,3.523,-61.66,-72.86,10.86
p1,1764753797.3342,3.541,-61.55,-73.24,11.39
p1,1764753797.4512,3.514,-61.9,-73.48,11.27
p1,1764753797.5829,3.521,-62.18,-73.21,10.67
p1,1764753807.4117,3.515,-62.08,-73.16,10.73
p1,1764753807.4337,3.509,-61.93,-73.46,11.21
p1,1764753807.5507,3.53,-61.54,-73.1,11.25
p1,1764753807.6824,3.523,-62.04,-73.22,10.83
p1,1764753817.5109,3.538,-61.56,-73.12,11.24
p1,1764753817.5329,3.524,-62.44,-73.21,10.39
p1,1764753817.6502,3.516,-61.36,-73.19,11.54
p1,1764753817.7819,3.525,-62.02,-73.05,10.68
G,1764753826,13.091863333,-16.768881667,25.7
p1,1764753827.6104,3.523,-61.8,-73.43,11.32
p1,1764753827.6324,3.514,-62.99,-73.29,9.869
p1,1764753827.7494,3.532,-62.77,-73.28,10.11
p1,1764753827.8814,3.539,-62.06,-73.78,11.42
p1,1764753837.7099,3.526,-62.14,-73.51,11.04
p1,1764753837.7319,3.525,-62.33,-73.68,11.02
p1,1764753837.8489,3.513,-61.92,-73.66,11.44
p1,1764753837.9809,3.522,-61.96,-73.25,10.96
p1,1764753847.8092,3.524,-63.08,-73.49,9.995
p1,1764753847.8312,3.537,-62.15,-73.28,10.78
p1,1764753847.9484,3.533,-62.1,-73.64,11.22
p1,1764753848.0802,3.512,-61.47,-73.72,11.98
p1,1764753857.9087,3.511,-62.22,-74.11,11.6
p1,1764753857.9307,3.53,-62.46,-73.54,10.73
p1,1764753858.0479,3.538,-62.14,-73.39,10.92
p1,1764753858.1797,3.541,-62.85,-73.5,10.26
p1,1764753868.0082,3.536,-62.22,-72.89,10.28
p1,1764753868.0302,3.523,-61.71,-72.67,10.6
p1,1764753868.1474,3.536,-62.12,-72.96,10.46
p1,1764753868.2792,3.515,-61.16,-73.13,11.69
p1,1764753878.1076,3.522,-61.44,-73.77,12.07
p1,1764753878.1297,3.525,-61.83,-73.79,11.68
p1,1764753878.2467,3.522,-61.82,-73.09,10.94
p1,1764753878.3784,3.512,-61.6,-73.49,11.6
G,1764753886,13.091861667,-16.768883333,26
C,1764753888.004,5,0
p1,1764753888.2069,3.529,-62.48,-73.65,10.82
p1,1764753888.2289,3.542,-62.14,-73.62,11.16
p1,1764753888.3461,3.523,-62.08,-73.42,11.01
p1,1764753888.4779,3.517,-62.04,-73.28,10.9
p1,1764753898.3064,3.527,-62.35,-73.22,10.51
p1,1764753898.3284,3.521,-61.69,-72.93,10.9
p1,1764753898.4456,3.53,-61.72,-73.08,11.03
p1,1764753898.5774,3.529,-61.7,-72.77,10.71
p1,1764753908.4059,3.521,-62.66,-73.35,10.31
p1,1764753908.4279,3.521,-61.62,-73.09,11.15
p1,1764753908.5449,3.525,-61.83,-73.49,11.36
p1,1764753908.6769,3.532,-61.8,-73.55,11.45
p1,1764753918.5054,3.525,-61.81,-73.26,11.12
p1,1764753918.5274,3.527,-61.97,-73.34,11.03
p1,1764753918.6444,3.521,-61.6,-73.25,11.34
p1,1764753918.7764,3.524,-61.9,-74.01,11.83
C,1764753928.007,4,0
p1,1764753928.6049,3.518,-62.14,-73.6,11.13
p1,1764753928.6269,3.524,-61.88,-73.41,11.22
p1,1764753928.7439,3.519,-61.68,-73.79,11.83
p1,1764753928.8756,3.519,-61.97,-73.44,11.15
p1,1764753938.7041,3.524,-61.99,-73.86,11.58
p1,1764753938.7261,3.526,-62.61,-73.32,10.33
p1,1764753938.8434,3.525,-62.17,-73.39,10.88
p1,1764753938.9751,3.522,-62.61,-72.93,9.904
G,1764753946,13.091863333,-16.768883333,26.3
C,1764753948.005,5,0
p1,1764753948.8036,3.534,-61.76,-73.51,11.45
p1,1764753948.8256,3.526,-61.87,-73.48,11.31
p1,1764753948.9426,3.525,-61.91,-73.38,11.14
p1,1764753949.0746,3.509,-62.1,-73.25,10.8
p1,1764753958.9031,3.515,-62.33,-73.19,10.5
p1,1764753958.9251,3.522,-62.66,-73.33,10.28
p1,1764753959.0421,3.534,-62.33,-73.27,10.57
p1,1764753959.1739,3.525,-62.16,-73.05,10.52
C,1764753968.005,4,0
p1,1764753969.0026,3.528,-62.43,-73.21,10.4
p1,1764753969.0244,3.53,-62.26,-72.83,10.17
p1,1764753969.1416,3.519,-62.28,-73.02,10.36
p1,1764753969.2734,3.518,-62.48,-73.22,10.36
p1,1764753979.1019,3.529,-62.49,-73.3,10.44
p1,1764753979.1239,3.533,-62.65,-73.08,10.02
p1,1764753979.2411,3.534,-62.18,-73.42,10.9
p1,1764753979.3729,3.522,-62.1,-73.32,10.88
p1,1764753989.2013,3.514,-62.36,-73.03,10.28
p1,1764753989.2234,3.521,-61.98,-73,10.66
p1,1764753989.3403,3.525,-61.44,-73.29,11.56
p1,1764753989.4723,3.531,-61.76,-73.62,11.57
p1,1764753999.3008,3.525,-61.98,-73.27,10.95
p1,1764753999.3228,3.545,-62.24,-73.44,10.85
p1,1764753999.4399,3.519,-61.97,-73.38,11.08
p1,1764753999.5716,3.51,-61.68,-73.31,11.33
G,1764754006,13.091865,-16.768891667,26.3
C,1764754008.005,5,0
p1,1764754009.4001,3.521,-62.08,-73.64,11.25
p1,1764754009.4221,3.53,-61.82,-73.18,11.02
p1,1764754009.5393,3.523,-61.49,-73.56,11.79
p1,1764754009.6711,3.527,-62.04,-72.97,10.56
p1,1764754019.4996,3.524,-62.64,-72.83,9.753
p1,1764754019.5216,3.523,-62.52,-73.39,10.49
p1,1764754019.6388,3.53,-62.19,-73.2,10.66
p1,1764754019.7706,3.513,-63.16,-73.64,10.07
C,1764754028.002,4,0
p1,1764754029.5991,3.519,-61.88,-73.1,10.88
p1,1764754029.6211,3.529,-62.12,-73.45,11
p1,1764754029.7383,3.526,-61.68,-72.71,10.67
p1,1764754029.8701,3.529,-61.86,-73.26,11.07
p1,1764754039.6983,3.519,-61.86,-73.04,10.83
p1,1764754039.7206,3.526,-62.03,-73.23,10.86
p1,1764754039.8376,3.522,-62.29,-73.27,10.62
p1,1764754039.9696,3.516,-62.21,-73.38,10.83
p1,1764754049.7978,3.519,-61.84,-73.57,11.42
p1,1764754049.8198,3.513,-62.02,-72.86,10.47
p1,1764754049.9371,3.521,-62.44,-73.49,10.7
p1,1764754050.0688,3.529,-62.09,-72.96,10.5
C,1764754056.161,4,0
p1,1764754059.8973,3.511,-61.72,-73.94,11.94
p1,1764754059.9193,3.526,-61.86,-73.05,10.85
p1,1764754060.0366,3.534,-61.41,-73.61,11.93
p1,1764754060.1683,3.524,-61.9,-73.79,11.59
G,1764754066,13.091856667,-16.7689,26.4
C,1764754068.005,5,0
p1,1764754069.9968,3.52,-61.86,-73.23,11.05
p1,1764754070.0188,3.522,-61.32,-72.97,11.35
p1,1764754070.1361,3.525,-62.21,-73.22,10.65
p1,1764754070.2678,3.539,-61.5,-73.14,11.33
p1,1764754080.0963,3.521,-61.83,-73.2,11.04
p1,1764754080.1183,3.524,-62,-73.41,11.09
p1,1764754080.2353,3.53,-61.99,-73.82,11.54
p1,1764754080.3671,3.539,-61.64,-73.18,11.23
C,1764754088.006,4,0
p1,1764754090.1956,3.514,-62.43,-73.78,11.02
p1,1764754090.2176,3.523,-61.78,-73.57,11.49
p1,1764754090.3348,3.517,-61.6,-73.26,11.35
p1,1764754090.4666,3.517,-61.76,-73.35,11.27
p1,1764754100.2951,3.513,-62.16,-73.27,10.76
p1,1764754100.3171,3.512,-61.9,-73.13,10.89
p1,1764754100.4343,3.528,-62.25,-73.07,10.45
p1,1764754100.5661,3.524,-61.93,-73.11,10.84
C,1764754108.008,5,0
p1,1764754110.3945,3.517,-61.83,-73.82,11.71
p1,1764754110.4165,3.545,-62.09,-73.9,11.51
p1,1764754110.5338,3.53,-61.96,-73.92,11.67
p1,1764754110.6655,3.518,-62.01,-73.19,10.84
p1,1764754120.4940,3.517,-61.88,-73.24,11.03
p1,1764754120.5158,3.519,-62.67,-73.6,10.56
p1,1764754120.6330,3.515,-62.97,-73.43,10.06
p1,1764754120.7648,3.511,-62.21,-73.17,10.59
G,1764754126,13.091858333,-16.768906667,25.9
C,1764754128.006,4,0
p1,1764754130.5935,3.524,-62.46,-73.74,10.95
p1,1764754130.6153,3.538,-62.72,-73.79,10.72
p1,1764754130.7325,3.514,-62.1,-73.57,11.15
p1,1764754130.8643,3.528,-62.13,-73.8,11.36
p1,1764754140.6928,3.523,-61.72,-73.23,11.19
p1,1764754140.7148,3.529,-61.25,-73.26,11.73
p1,1764754140.8320,3.517,-62.12,-73.48,11.03
p1,1764754140.9638,3.527,-62.07,-73.52,11.13
p1,1764754150.7923,3.526,-62.14,-73.47,11
p1,1764754150.8143,3.527,-61.59,-73.1,11.19
p1,1764754150.9315,3.529,-61.95,-73.61,11.36
p1,1764754151.0633,3.516,-61.93,-73.94,11.72
p1,1764754160.8918,3.52,-62.44,-73.64,10.85
p1,1764754160.9138,3.529,-61.77,-74.19,12.17
p1,1764754161.0310,3.531,-62.34,-73.65,10.97
p1,1764754161.1625,3.518,-61.75,-73.19,11.12
C,1764754168.004,5,0
p1,1764754170.9910,3.533,-61.59,-74.05,12.2
p1,1764754171.0130,3.524,-61.74,-74.25,12.27
p1,1764754171.1303,3.527,-61.82,-73.47,11.34
p1,1764754171.2620,3.521,-61.99,-73.57,11.27
p1,1764754181.0905,3.521,-62.45,-73.24,10.41
p1,1764754181.1125,3.527,-62.05,-73.97,11.64
p1,1764754181.2298,3.538,-62.12,-73.62,11.18
p1,1764754181.3615,3.523,-62.24,-74,11.47
G,1764754186,13.09186,-16.768906667,25.7
C,1764754188.004,4,0
p1,1764754191.1900,3.536,-62.17,-73.84,11.35
p1,1764754191.2120,3.527,-62.26,-73.38,10.77
p1,1764754191.3292,3.524,-62.72,-73.43,10.33
p1,1764754191.4610,3.523,-62.25,-73.06,10.43
p1,1764754201.2895,3.524,-61.69,-72.81,10.77
p1,1764754201.3115,3.535,-61.79,-73.13,11.01
p1,1764754201.4285,3.54,-62.22,-72.87,10.25
p1,1764754201.5605,3.511,-62.65,-73.29,10.25
p1,1764754211.3890,3.529,-62.28,-73.2,10.55
p1,1764754211.4107,3.532,-62.6,-73.21,10.21
p1,1764754211.5280,3.532,-62.25,-73.19,10.57
p1,1764754211.6600,3.529,-62.22,-73.34,10.76
p1,1764754221.4882,3.519,-62.16,-73.25,10.74
p1,1764754221.5103,3.529,-62.32,-73.77,11.12
p1,1764754221.6275,3.527,-62.84,-73.17,9.907
p1,1764754221.7592,3.524,-61.81,-73.63,11.53
C,1764754228.005,5,0
p1,1764754231.5877,3.519,-62.52,-73.7,10.84
p1,1764754231.6097,3.515,-62.35,-73.95,11.29
p1,1764754231.7270,3.528,-61.96,-73.47,11.19
p1,1764754231.8587,3.529,-62.98,-73.67,10.3
p1,1764754241.6872,3.536,-61.97,-73.77,11.51
p1,1764754241.7090,3.525,-62.7,-73.77,10.71
p1,1764754241.8262,3.519,-62.29,-73.69,11.07
p1,1764754241.9582,3.533,-62.54,-73.35,10.44
G,1764754246,13.091866667,-16.768893333,25.7
C,1764754248.005,4,0
p1,1764754251.7865,3.528,-62.71,-74.07,11.03
p1,1764754251.8085,3.533,-62.32,-73.91,11.28
p1,1764754251.9257,3.536,-62.19,-73.44,10.91
p1,1764754252.0577,3.526,-62.26,-73.05,10.42
p1,1764754261.8860,3.512,-62.75,-73.78,10.67
p1,1764754261.9080,3.525,-62.09,-73.41,10.99
p1,1764754262.0252,3.531,-61.56,-73.55,11.71
p1,1764754262.1570,3.519,-62.32,-73.17,10.47
C,1764754268.004,5,0
p1,1764754271.9855,3.521,-62.54,-72.92,9.956
p1,1764754272.0075,3.515,-62.06,-73.28,10.88
p1,1764754272.1247,3.524,-62.06,-73.47,11.08
p1,1764754272.2565,3.53,-62.46,-72.58,9.672
p1,1764754282.0850,3.526,-62.26,-73.39,10.78
p1,1764754282.1067,3.533,-62.41,-73.68,10.94
p1,1764754282.2240,3.521,-62.83,-74.04,10.87
p1,1764754282.3557,3.52,-62.61,-73.15,10.13
C,1764754288.005,4,0
p1,1764754292.1845,3.513,-62.24,-73.51,10.92
p1,1764754292.2062,3.524,-62.52,-73.71,10.84
p1,1764754292.3235,3.526,-62.47,-73.42,10.59
p1,1764754292.4552,3.529,-62.18,-74.05,11.58
p1,1764754302.2837,3.515,-63.21,-73.53,9.903
p1,1764754302.3057,3.535,-62.12,-73.48,11.02
p1,1764754302.4230,3.512,-62.68,-73.19,10.11
p1,1764754302.5550,3.523,-62.94,-72.85,9.436
G,1764754306,13.091871667,-16.768885,25.3
p1,1764754312.3832,3.517,-61.92,-73.72,11.51
p1,1764754312.4052,3.525,-61.78,-72.9,10.77
p1,1764754312.5222,3.532,-61.98,-73.72,11.44
p1,1764754312.6542,3.535,-62.24,-72.93,10.3
p1,1764754322.4825,3.516,-61.77,-73.39,11.31
p1,1764754322.5044,3.528,-62.43,-73.69,10.93
p1,1764754322.6217,3.534,-62.58,-73.83,10.92
p1,1764754322.7537,3.523,-62.11,-73.47,11.03
C,1764754328.002,5,0
p1,1764754332.5820,3.515,-62.65,-73.1,10.04
p1,1764754332.6039,3.527,-62.27,-73.44,10.83
p1,1764754332.7212,3.518,-62.35,-73.68,11
p1,1764754332.8529,3.532,-62.13,-73,10.5
p1,1764754342.6814,3.529,-62.52,-72.96,10.03
p1,1764754342.7034,3.534,-62.27,-73.15,10.51
p1,1764754342.8207,3.516,-61.88,-73.56,11.38
p1,1764754342.9524,3.53,-62.17,-73.36,10.85
C,1764754348.004,4,0
p1,1764754352.7809,3.517,-61.77,-73.49,11.41
p1,1764754352.8029,3.532,-62.49,-73.85,11.03
p1,1764754352.9199,3.529,-62.24,-73.19,10.59
p1,1764754353.0519,3.523,-61.91,-73.16,10.92
p1,1764754362.8804,3.519,-61.98,-73.89,11.62
p1,1764754362.9022,3.519,-62.21,-74.23,11.75
p1,1764754363.0194,3.524,-61.96,-73.45,11.18
p1,1764754363.1514,3.532,-62.06,-73.61,11.24
G,1764754366,13.091885,-16.768886667,25.6
p1,1764754372.9797,3.535,-61.72,-73.38,11.35
p1,1764754373.0017,3.518,-62.25,-73.3,10.7
p1,1764754373.1189,3.523,-61.74,-73.87,11.85
p1,1764754373.2507,3.53,-62.07,-73.62,11.23
p1,1764754383.0792,3.534,-62.37,-73.63,10.91
p1,1764754383.1012,3.525,-62.19,-73.66,11.15
p1,1764754383.2184,3.516,-62.26,-73.51,10.91
p1,1764754383.3502,3.517,-62.43,-73.8,11.05
C,1764754388.004,5,0
p1,1764754393.1787,3.523,-62.31,-73.45,10.79
p1,1764754393.2007,3.533,-62.33,-73.55,10.88
p1,1764754393.3177,3.523,-61.72,-73.53,11.51
p1,1764754393.4497,3.541,-62.24,-73.26,10.66
p1,1764754403.2782,3.526,-61.89,-72.74,10.48
p1,1764754403.2999,3.52,-62.68,-72.85,9.734
p1,1764754403.4172,3.522,-62.04,-73.73,11.39
p1,1764754403.5489,3.543,-62.54,-73.36,10.45
C,1764754408.008,4,0
p1,1764754413.3774,3.533,-62.11,-73.07,10.6
p1,1764754413.3994,3.522,-61.74,-73.49,11.45
p1,1764754413.5166,3.532,-61.93,-73.28,11.02
p1,1764754413.6484,3.512,-62.31,-73.52,10.87
p1,1764754423.4769,3.529,-62.49,-73.75,10.92
p1,1764754423.4989,3.526,-61.61,-73.78,11.9
p1,1764754423.6162,3.516,-62.55,-73.4,10.47
p1,1764754423.7479,3.539,-62.62,-73.45,10.45
G,1764754426,13.091893333,-16.768876667,26
C,1764754428.005,5,0
p1,1764754433.5764,3.533,-61.9,-73.08,10.84
p1,1764754433.5984,3.522,-61.4,-73.01,11.3
p1,1764754433.7154,3.522,-61.58,-73.69,11.83
p1,1764754433.8474,3.529,-62.18,-74.19,11.73
p1,1764754443.6759,3.524,-62.13,-73.32,10.85
p1,1764754443.6976,3.527,-62.32,-73.58,10.92
p1,1764754443.8149,3.526,-62.56,-73.52,10.59
p1,1764754443.9467,3.528,-62.42,-73.91,11.17
C,1764754448.005,4,0
p1,1764754453.7751,3.52,-62.31,-73.33,10.66
p1,1764754453.7971,3.537,-62.65,-73.74,10.74
p1,1764754453.9144,3.535,-61.66,-73.6,11.65
p1,1764754454.0462,3.524,-62.15,-73.39,10.9
p1,1764754463.8746,3.53,-62.2,-72.91,10.33
p1,1764754463.8966,3.524,-62.14,-73.5,11.03
p1,1764754464.0139,3.525,-62.16,-73.15,10.63
p1,1764754464.1456,3.532,-62.1,-73.65,11.23
p1,1764754473.9741,3.53,-62.25,-73.58,11
p1,1764754473.9961,3.522,-61.46,-73.34,11.59
p1,1764754474.1131,3.527,-62.23,-73.31,10.73
p1,1764754474.2451,3.532,-61.95,-73.59,11.34
p1,1764754484.0736,3.516,-62.2,-73.55,11.02
p1,1764754484.0956,3.52,-62.71,-73.34,10.24
p1,1764754484.2126,3.535,-61.8,-73.69,11.6
p1,1764754484.3446,3.53,-61.85,-73.07,10.87
G,1764754486,13.091906667,-16.768865,25.8
C,1764754488.004,5,0
p1,1764754494.1729,3.52,-61.48,-73.81,12.07
p1,1764754494.1949,3.527,-62.19,-73.38,10.85
p1,1764754494.3121,3.516,-61.89,-73.38,11.17
p1,1764754494.4438,3.53,-62.07,-73.24,10.83
p1,1764754504.2724,3.517,-61.79,-73.79,11.72
p1,1764754504.2944,3.518,-61.29,-73.81,12.27
p1,1764754504.4116,3.532,-62.35,-73.55,10.86
p1,1764754504.5434,3.529,-62.06,-73.15,10.74
C,1764754508.004,4,0
p1,1764754514.3719,3.519,-62.32,-73.64,10.99
p1,1764754514.3939,3.533,-62.45,-73.41,10.6
p1,1764754514.5109,3.544,-62.49,-73.02,10.13
p1,1764754514.6429,3.519,-62.6,-73.5,10.53
p1,1764754524.4711,3.527,-61.49,-73.33,11.55
p1,1764754524.4934,3.522,-62.45,-73.31,10.49
p1,1764754524.6104,3.526,-61.96,-73.35,11.06
p1,1764754524.7424,3.522,-61.53,-73.49,11.68
C,1764754528.006,5,0
p1,1764754534.5708,3.516,-62.56,-75.31,12.51
p1,1764754534.5926,3.535,-62.74,-74.51,11.47
p1,1764754534.7099,3.532,-62.34,-74.93,12.34
p1,1764754534.8416,3.528,-62.33,-74.59,11.99
p1,1764754544.6701,3.522,-61.81,-72.89,10.72
p1,1764754544.6921,3.527,-61.82,-72.93,10.76
p1,1764754544.8093,3.539,-61.5,-73.25,11.44
p1,1764754544.9411,3.512,-62.82,-73.03,9.765
G,1764754546,13.091911667,-16.76887,26.1
p1,1764754554.7696,3.517,-61.85,-73.72,11.59
p1,1764754554.7916,3.534,-61.19,-73.42,11.96
p1,1764754554.9086,3.533,-62.61,-73.4,10.41
p1,1764754555.0406,3.524,-62.11,-73.46,11.02
p1,1764754564.8691,3.528,-63.08,-73.55,10.07
p1,1764754564.8908,3.519,-62.25,-73.22,10.61
p1,1764754565.0081,3.523,-62.63,-73.5,10.5
p1,1764754565.1401,3.527,-61.41,-73.04,11.32
C,1764754568.003,4,0
p1,1764754574.9684,3.54,-61.62,-73.41,11.48
p1,1764754574.9903,3.524,-62.46,-73.77,10.97
p1,1764754575.1076,3.54,-62,-73.68,11.38
p1,1764754575.2393,3.53,-61.63,-73.32,11.38
p1,1764754585.0678,3.528,-61.54,-73.35,11.51
p1,1764754585.0898,3.531,-61.76,-72.74,10.61
p1,1764754585.2071,3.534,-61.89,-73.72,11.54
p1,1764754585.3388,3.536,-62.23,-73.68,11.13
C,1764754588.005,5,0
p1,1764754595.1673,3.527,-62.17,-73.15,10.62
p1,1764754595.1893,3.532,-62.14,-72.94,10.43
p1,1764754595.3063,3.514,-62.14,-73.26,10.77
p1,1764754595.4383,3.528,-62.23,-73.39,10.82
p1,1764754605.2666,3.52,-62.2,-73.77,11.26
p1,1764754605.2886,3.536,-61.54,-73.13,11.28
p1,1764754605.4058,3.527,-61.82,-73.08,10.91
p1,1764754605.5376,3.524,-62.56,-73.52,10.59
G,1764754606,13.091906667,-16.768865,26.1
C,1764754608.005,4,0
p1,1764754615.3661,3.522,-62.56,-72.72,9.726
p1,1764754615.3881,3.51,-62.04,-72.76,10.33
p1,1764754615.5053,3.531,-61.96,-73.72,11.46
p1,1764754615.6371,3.534,-61.7,-73.9,11.93
p1,1764754625.4656,3.539,-61.78,-72.92,10.79
p1,1764754625.4876,3.524,-61.72,-73,10.95
p1,1764754625.6048,3.536,-61.98,-73.68,11.4
p1,1764754625.7365,3.525,-61.78,-73.27,11.17
p1,1764754635.5651,3.529,-62.29,-73.34,10.7
p1,1764754635.5871,3.538,-62.18,-73.46,10.95
p1,1764754635.7041,3.525,-61.78,-73.69,11.62
p1,1764754635.8358,3.524,-62.25,-73.92,11.36
p1,1764754645.6643,3.523,-62.27,-73.31,10.69
p1,1764754645.6863,3.527,-62.65,-73.09,10.03
p1,1764754645.8035,3.531,-62.51,-73.54,10.67
p1,1764754645.9353,3.529,-62.18,-73.58,11.07
C,1764754648.005,5,0
p1,1764754655.7638,3.521,-62.9,-73.38,10.07
p1,1764754655.7858,3.526,-62.07,-73.26,10.84
p1,1764754655.9031,3.534,-62.06,-73.5,11.12
p1,1764754656.0348,3.526,-62.61,-73,9.97
C,1764754656.578,5,0
p1,1764754665.8633,3.524,-62.55,-73.35,10.42
p1,1764754665.8853,3.526,-61.81,-73.26,11.13
p1,1764754666.0025,3.532,-61.89,-73.13,10.9
p1,1764754666.1343,3.516,-62.33,-73.44,10.76
G,1764754666,13.091905,-16.76886,26.1
C,1764754668.004,4,0
p1,1764754675.9628,3.527,-61.88,-73.47,11.28
p1,1764754675.9848,3.524,-61.54,-73.66,11.85
p1,1764754676.1020,3.522,-61.89,-73.82,11.64
p1,1764754676.2338,3.54,-62.27,-73.61,11.01
p1,1764754686.0623,3.529,-62.26,-73.7,11.12
p1,1764754686.0840,3.535,-61.9,-73.34,11.12
p1,1764754686.2013,3.532,-62.67,-74.24,11.26
p1,1764754686.3330,3.522,-62.7,-73.3,10.21
p1,1764754696.1615,3.534,-62.39,-73.46,10.72
p1,1764754696.1835,3.531,-62.41,-73.94,11.22
p1,1764754696.3008,3.535,-62.45,-73.57,10.77
p1,1764754696.4325,3.541,-62.22,-73.32,10.75
p1,1764754706.2610,3.542,-62.62,-73.31,10.3
p1,1764754706.2830,3.533,-61.93,-73.42,11.17
p1,1764754706.4003,3.533,-62.32,-73.27,10.59
p1,1764754706.5320,3.521,-62.03,-73.77,11.44
C,1764754708.005,5,0
p1,1764754716.3605,3.523,-62.53,-73.72,10.84
p1,1764754716.3825,3.515,-61.77,-73.4,11.31
p1,1764754716.4998,3.533,-61.85,-73.63,11.48
p1,1764754716.6315,3.529,-62.26,-73.31,10.69
p1,1764754726.4600,3.517,-62.46,-73.27,10.43
p1,1764754726.4818,3.531,-62.76,-72.99,9.802
p1,1764754726.5990,3.509,-62.07,-73.09,10.66
p1,1764754726.7308,3.523,-62.03,-72.49,10.06
G,1764754726,13.0919,-16.768855,26.2
C,1764754728.004,4,0
p1,1764754736.5593,3.543,-62.79,-73.52,10.34
p1,1764754736.5813,3.532,-61.95,-72.85,10.53
p1,1764754736.6985,3.519,-61.46,-72.98,11.2
p1,1764754736.8303,3.535,-62.61,-73.46,10.48
p1,1764754746.6588,3.537,-61.84,-73.46,11.32
p1,1764754746.6808,3.521,-62.9,-73.8,10.52
p1,1764754746.7980,3.528,-62.05,-73.11,10.7
p1,1764754746.9297,3.536,-61.9,-74.01,11.83
C,1764754748.005,5,0
p1,1764754756.7582,3.535,-62.36,-73.13,10.39
p1,1764754756.7802,3.532,-62.85,-73.61,10.38
p1,1764754756.8972,3.544,-62.65,-73.84,10.85
p1,1764754757.0292,3.526,-61.55,-73.62,11.79
p1,1764754766.8575,3.536,-62.53,-73.62,10.74
p1,1764754766.8798,3.527,-62.03,-73.35,10.99
p1,1764754766.9968,3.521,-62.2,-73.86,11.35
p1,1764754767.1285,3.523,-62.08,-72.72,10.24
C,1764754768.005,4,0
p1,1764754776.9570,3.52,-62.24,-73.42,10.84
p1,1764754776.9790,3.532,-62.29,-72.78,10.08
p1,1764754777.0962,3.543,-62.51,-72.57,9.608
p1,1764754777.2282,3.533,-62.32,-73.12,10.42
p1,1764754787.0565,3.52,-61.62,-73.01,11.06
p1,1764754787.0785,3.532,-61.68,-73.36,11.37
p1,1764754787.1957,3.533,-62.16,-73.38,10.88
G,1764754786,13.091903333,-16.768858333,26.4
p1,1764754787.3275,3.532,-61.72,-72.99,10.94
p1,1764754797.1560,3.526,-62.64,-72.74,9.65
p1,1764754797.1777,3.543,-62.81,-73.51,10.32
p1,1764754797.2950,3.523,-62.12,-73.11,10.64
p1,1764754797.4270,3.527,-61.87,-73.58,11.41
p1,1764754807.2555,3.528,-62.1,-73.14,10.69
p1,1764754807.2772,3.522,-61.69,-73.48,11.49
p1,1764754807.3945,3.53,-62.4,-73.07,10.28
p1,1764754807.5262,3.527,-62.48,-72.55,9.619
C,1764754808.005,5,0
p1,1764754817.3550,3.523,-62.03,-72.92,10.52
p1,1764754817.3768,3.526,-62.24,-73.07,10.45
p1,1764754817.4940,3.524,-62.08,-73.19,10.75
p1,1764754817.6260,3.54,-62.23,-72.94,10.33
p1,1764754818.7162,-5.955,-67.3,-76.07,8.147
p1,1764754827.4542,3.519,-61.96,-72.96,10.64
p1,1764754827.4762,3.539,-63.02,-73.05,9.567
p1,1764754827.5935,3.519,-62.46,-73.18,10.34
p1,1764754827.7252,3.517,-61.85,-73.68,11.54
C,1764754828.005,4,0
p1,1764754837.5537,3.527,-62.87,-73.57,10.32
p1,1764754837.5757,3.529,-63.22,-73.28,9.608
p1,1764754837.6927,3.514,-62.35,-73.26,10.54
p1,1764754837.8247,3.536,-62.37,-73.86,11.18
G,1764754846,13.091898333,-16.768861667,26.5
p1,1764754847.6532,3.517,-61.78,-73.93,11.88
p1,1764754847.6752,3.534,-61.63,-73.48,11.55
p1,1764754847.7922,3.541,-62.02,-73.03,10.65
p1,1764754847.9239,3.525,-62.08,-73.6,11.2
C,1764754848.004,5,0
p1,1764754857.7527,3.539,-62.63,-73.38,10.37
p1,1764754857.7745,3.534,-62.22,-73.59,11.04
p1,1764754857.8917,3.521,-62.35,-73.09,10.36
p1,1764754858.0234,3.535,-62.76,-74.28,11.2
p1,1764754867.8519,3.534,-61.65,-73.17,11.21
p1,1764754867.8739,3.524,-62.38,-73.21,10.46
p1,1764754867.9912,3.545,-62.03,-73.18,10.8
p1,1764754868.1230,3.514,-62.14,-73.38,10.9
p1,1764754877.9514,3.524,-62.1,-73.43,11
p1,1764754877.9735,3.526,-62.36,-73.51,10.8
p1,1764754878.0905,3.54,-62.17,-73.36,10.84
p1,1764754878.2222,3.521,-62.43,-72.99,10.16
C,1764754888.004,4,0
p1,1764754888.0507,3.515,-61.88,-73.28,11.08
p1,1764754888.0729,3.52,-62.14,-73.37,10.89
p1,1764754888.1899,3.535,-62.78,-72.79,9.55
p1,1764754888.3219,3.53,-61.69,-73.91,11.95
p1,1764754898.1502,3.532,-62.15,-73,10.48
p1,1764754898.1722,3.516,-62.39,-73.19,10.42
p1,1764754898.2894,3.532,-61.71,-73.41,11.4
p1,1764754898.4212,3.516,-62.21,-73.22,10.65
G,1764754906,13.091901667,-16.768855,26.3
C,1764754908.005,5,0
p1,1764754908.2497,3.515,-62.29,-73.56,10.94
p1,1764754908.2717,3.529,-61.59,-73.51,11.64
p1,1764754908.3889,3.54,-62.23,-73.55,10.98
p1,1764754908.5207,3.543,-61.92,-73.6,11.37
p1,1764754918.3492,3.527,-62.17,-73.9,11.43
p1,1764754918.3712,3.528,-62.38,-73.45,10.72
p1,1764754918.4882,3.528,-62.12,-73.88,11.45
p1,1764754918.6202,3.525,-62.64,-73.44,10.43
C,1764754928.006,4,0
p1,1764754928.4484,3.525,-62.71,-73.47,10.38
p1,1764754928.4704,3.538,-61.91,-73.06,10.81
p1,1764754928.5877,3.539,-62.17,-73.51,11.01
p1,1764754928.7194,3.526,-62.1,-73.26,10.82
p1,1764754938.5479,3.522,-62.49,-73.11,10.23
p1,1764754938.5699,3.545,-62.22,-73,10.4
p1,1764754938.6872,3.526,-62.02,-73.59,11.26
p1,1764754938.8189,3.518,-62.54,-73.5,10.61
p1,1764754948.6474,3.527,-61.25,-73.32,11.79
p1,1764754948.6694,3.534,-62.17,-73.58,11.08
p1,1764754948.7864,3.525,-62.17,-73.22,10.7
p1,1764754948.9184,3.539,-62.03,-73.49,11.14
p1,1764754958.7469,3.532,-62.57,-73.26,10.3
p1,1764754958.7689,3.531,-62.28,-73.4,10.76
p1,1764754958.8859,3.52,-62,-73.16,10.82
p1,1764754959.0179,3.541,-61.84,-73.38,11.23
G,1764754966,13.091908333,-16.768848333,26.3
C,1764754968.004,5,0
p1,1764754968.8461,3.528,-62.11,-73.58,11.14
p1,1764754968.8682,3.526,-62.38,-73.45,10.72
p1,1764754968.9854,3.515,-62.3,-73.82,11.2
p1,1764754969.1174,3.515,-62.24,-73.25,10.65
p1,1764754978.9456,3.535,-62.67,-72.69,9.562
p1,1764754978.9677,3.531,-62.21,-73.43,10.87
p1,1764754979.0849,3.534,-62.5,-73.12,10.23
p1,1764754979.2167,3.533,-62,-73.03,10.68
C,1764754988.002,4,0
p1,1764754989.0451,3.537,-62.29,-73.18,10.53
p1,1764754989.0671,3.534,-61.99,-73.45,11.14
p1,1764754989.1844,3.532,-62.57,-72.89,9.895
p1,1764754989.3162,3.538,-61.76,-73.61,11.55
p1,1764754999.1446,3.528,-61.68,-73.13,11.13
p1,1764754999.1666,3.546,-62.12,-72.8,10.29
p1,1764754999.2836,3.528,-61.7,-73.37,11.36
p1,1764754999.4156,3.524,-62.54,-73.55,10.66
p1,1764755009.2439,3.52,-62.77,-73.62,10.47
p1,1764755009.2661,3.532,-62.1,-73.64,11.22
p1,1764755009.3831,3.533,-62.81,-73.59,10.39
p1,1764755009.5149,3.527,-62.12,-73.48,11.02
p1,1764755019.3434,3.526,-62.28,-73.57,10.95
p1,1764755019.3654,3.534,-62.3,-73.4,10.76
p1,1764755019.4826,3.532,-62.66,-73.08,10.01
p1,1764755019.6144,3.528,-61.39,-73.15,11.45
G,1764755026,13.091911667,-16.768845,26.5
C,1764755028.004,5,0
p1,1764755029.4429,3.533,-62.56,-73.19,10.23
p1,1764755029.4649,3.536,-61.44,-73.39,11.66
p1,1764755029.5819,3.535,-61.84,-73.67,11.53
p1,1764755029.7139,3.519,-61.73,-73.52,11.5
p1,1764755039.5424,3.536,-62.93,-73.08,9.711
p1,1764755039.5644,3.525,-62.23,-73.01,10.4
p1,1764755039.6814,3.54,-62.42,-73.13,10.32
p1,1764755039.8131,3.535,-62.23,-73.47,10.9
C,1764755048.004,4,0
p1,1764755049.6419,3.514,-62.25,-73.02,10.38
p1,1764755049.6639,3.528,-62.75,-72.66,9.435
p1,1764755049.7809,3.541,-62.55,-73.43,10.52
p1,1764755049.9126,3.538,-62.23,-73.11,10.51
p1,1764755059.7411,3.525,-63.02,-73.41,9.97
p1,1764755059.7631,3.524,-62.17,-73.42,10.91
p1,1764755059.8804,3.534,-61.55,-73.55,11.73
p1,1764755060.0121,3.538,-61.66,-73.21,11.24
C,1764755068.007,5,0
p1,1764755069.8406,3.528,-61.76,-73.28,11.2
p1,1764755069.8626,3.521,-61.87,-73.57,11.4
p1,1764755069.9796,3.535,-61.02,-72.92,11.62
p1,1764755070.1116,3.512,-61.71,-72.75,10.68
p1,1764755079.9401,3.529,-61.55,-72.78,10.9
p1,1764755079.9621,3.531,-62.77,-72.98,9.785
p1,1764755080.0791,3.524,-61.76,-73.39,11.32
p1,1764755080.2111,3.536,-62.21,-73.55,11.01
G,1764755086,13.091916667,-16.768845,26.6
C,1764755088.004,4,0
p1,1764755090.0393,3.52,-62.09,-73.34,10.91
p1,1764755090.0613,3.532,-61.65,-73.47,11.52
p1,1764755090.1786,3.535,-62.43,-73.37,10.57
p1,1764755090.3104,3.521,-61.92,-73.24,10.99
p1,1764755100.1388,3.536,-61.84,-72.82,10.62
p1,1764755100.1608,3.53,-62.52,-73,10.07
p1,1764755100.2781,3.522,-61.82,-72.92,10.75
p1,1764755100.4098,3.515,-61.99,-73.4,11.08
p1,1764755110.2383,3.533,-61.96,-73.14,10.84
p1,1764755110.2603,3.528,-61.92,-72.86,10.58
p1,1764755110.3773,3.528,-61.72,-73.84,11.85
p1,1764755110.3776,4.9,-69.64,-76.63,6.021
p1,1764755110.5093,3.52,-62.41,-73.5,10.73
p1,1764755120.3378,3.529,-62.71,-73.67,10.59
p1,1764755120.3598,3.534,-61.89,-73.07,10.84
p1,1764755120.4768,3.525,-62.73,-73.53,10.42
p1,1764755120.6088,3.53,-61.56,-73.65,11.81
C,1764755128.004,5,0
p1,1764755130.4373,3.526,-61.9,-73.49,11.28
p1,1764755130.4591,3.534,-61.89,-73.6,11.4
p1,1764755130.5763,3.529,-62.15,-73.55,11.07
p1,1764755130.7081,3.524,-62.2,-73.54,11
p1,1764755140.5366,3.52,-62.22,-73.61,11.06
p1,1764755140.5586,3.523,-61.46,-73.5,11.75
p1,1764755140.6758,3.532,-61.88,-73.9,11.74
p1,1764755140.8076,3.532,-62.66,-73.31,10.26
G,1764755146,13.091938333,-16.768841667,26.6
C,1764755148.004,4,0
p1,1764755150.6361,3.523,-62.43,-72.71,9.848
p1,1764755150.6581,3.516,-61.76,-73.47,11.4
p1,1764755150.7751,3.527,-62.05,-73.56,11.19
p1,1764755150.9071,3.531,-61.94,-73.61,11.37
p1,1764755160.7356,3.526,-62.54,-72.95,10
p1,1764755160.7576,3.514,-62.51,-73.59,10.73
p1,1764755160.8746,3.526,-61.71,-73.54,11.53
p1,1764755161.0066,3.531,-62.15,-73.51,11.03
p1,1764755167.7273,-5.251,-68.75,-76.64,7.118
p1,1764755170.8348,3.529,-62.08,-73.87,11.49
p1,1764755170.8568,3.542,-61.81,-73.41,11.28
p1,1764755170.9741,3.53,-62.04,-73.32,10.95
p1,1764755171.1058,3.523,-62.19,-73.29,10.75
p1,1764755180.9343,3.526,-61.97,-73.5,11.22
p1,1764755180.9563,3.523,-62.57,-73.31,10.36
p1,1764755181.0735,3.531,-62.64,-73.7,10.71
p1,1764755181.2053,3.531,-61.8,-73.25,11.13
C,1764755188.004,5,0
p1,1764755191.0338,3.536,-61.87,-73.47,11.29
p1,1764755191.0558,3.537,-62.3,-73.44,10.8
p1,1764755191.1731,3.539,-62.43,-73.62,10.85
p1,1764755191.3048,3.527,-61.33,-73.38,11.77
p1,1764755201.1333,3.528,-62.38,-73.09,10.33
p1,1764755201.1553,3.521,-62.3,-73.3,10.64
p1,1764755201.2723,3.516,-61.89,-73.37,11.16
p1,1764755201.4043,3.53,-61.68,-73.29,11.31
G,1764755206,13.091935,-16.768845,26.5
C,1764755208.005,4,0
p1,1764755211.2325,3.535,-61.83,-73.61,11.48
p1,1764755211.2545,3.526,-61.61,-73.43,11.52
p1,1764755211.3718,3.519,-61.76,-73.48,11.41
p1,1764755211.5035,3.518,-61.99,-73.46,11.15
p1,1764755221.3320,3.528,-62.25,-73.15,10.53
p1,1764755221.3541,3.541,-61.62,-73.39,11.48
p1,1764755221.4713,3.525,-62.07,-73.49,11.1
p1,1764755221.6030,3.522,-61.92,-72.69,10.39
C,1764755228.005,5,0
p1,1764755231.4315,3.524,-61.39,-73.08,11.38
p1,1764755231.4535,3.536,-62.1,-73.44,11.01
p1,1764755231.5705,3.519,-61.85,-73.15,10.96
p1,1764755231.7025,3.523,-61.92,-73.52,11.29
p1,1764755241.5310,3.53,-62.69,-73.43,10.36
p1,1764755241.5528,3.532,-61.97,-73.35,11.05
p1,1764755241.6700,3.52,-62.41,-73.83,11.09
p1,1764755241.8020,3.548,-62.24,-73.78,11.22
C,1764755248.004,4,0
p1,1764755251.6303,3.526,-62.35,-73.37,10.66
p1,1764755251.6523,3.532,-61.82,-73.52,11.4
p1,1764755251.7695,3.522,-62.31,-73.43,10.78
p1,1764755251.9013,3.521,-61.82,-72.73,10.54
C,1764755257.008,4,0
p1,1764755261.7298,3.523,-61.84,-73.46,11.31
p1,1764755261.7518,3.523,-61.73,-73.21,11.16
p1,1764755261.8690,3.524,-62.39,-73.66,10.93
p1,1764755262.0008,3.523,-61.51,-73.91,12.14
G,1764755266,13.091926667,-16.768848333,26.2
p1,1764755271.8293,3.533,-61.95,-73.17,10.88
p1,1764755271.8513,3.531,-62.72,-73.15,10.02
p1,1764755271.9685,3.522,-62.26,-73.27,10.65
p1,1764755272.1003,3.539,-62.21,-73.33,10.77
p1,1764755281.9288,3.529,-61.93,-73.3,11.04
p1,1764755281.9505,3.538,-62,-73.53,11.21
p1,1764755282.0678,3.52,-61.96,-73.34,11.06
p1,1764755282.1998,3.528,-61.89,-73.12,10.89
C,1764755288.006,5,0
p1,1764755292.0280,3.522,-62.2,-73.83,11.32
p1,1764755292.0500,3.527,-61.67,-73.8,11.85
p1,1764755292.1673,3.529,-62.23,-73.52,10.95
p1,1764755292.2990,3.52,-61.64,-73.58,11.66
p1,1764755302.1275,3.53,-61.51,-72.94,11.11
p1,1764755302.1495,3.54,-61.89,-73.62,11.43
p1,1764755302.2668,3.536,-62.03,-73.09,10.7
p1,1764755302.3985,3.531,-62.25,-72.93,10.29
C,1764755308.005,4,0
p1,1764755312.2270,3.531,-61.99,-73.51,11.2
p1,1764755312.2490,3.555,-62.06,-72.72,10.27
p1,1764755312.3660,3.532,-62.59,-73.6,10.65
p1,1764755312.4980,3.527,-61.71,-73.61,11.61
p1,1764755322.3265,3.519,-61.49,-73.63,11.87
p1,1764755322.3482,3.535,-62.04,-73.55,11.19
p1,1764755322.4655,3.523,-61.85,-73.38,11.22
p1,1764755322.5975,3.538,-62.29,-73.56,10.93
G,1764755326,13.091926667,-16.768841667,26.1
C,1764755328.004,5,0
p1,1764755332.4260,3.539,-61.62,-73.05,11.1
p1,1764755332.4477,3.531,-62.1,-73.62,11.2
p1,1764755332.5650,3.537,-61.77,-73.14,11.04
p1,1764755332.6967,3.535,-62.17,-73.68,11.19
p1,1764755342.5252,3.534,-61.52,-73.5,11.69
p1,1764755342.5472,3.535,-61.72,-73.81,11.81
p1,1764755342.6645,3.535,-62.34,-73.32,10.62
p1,1764755342.7962,3.53,-61.42,-73.41,11.7
p1,1764755352.6247,3.542,-61.59,-73.17,11.27
p1,1764755352.6467,3.534,-61.64,-73.33,11.39
p1,1764755352.7640,3.534,-62.19,-73.15,10.6
p1,1764755352.8957,3.537,-62.09,-73.28,10.85
p1,1764755362.7240,3.546,-61.86,-73.23,11.04
p1,1764755362.7462,3.531,-62.02,-73.3,10.94
p1,1764755362.8632,3.529,-62.43,-73.96,11.21
p1,1764755362.9950,3.531,-61.87,-73.14,10.93
C,1764755368.005,4,0
p1,1764755372.8235,3.529,-62.45,-73.37,10.56
p1,1764755372.8454,3.557,-62.38,-73.81,11.1
p1,1764755372.9627,3.537,-62.15,-73.62,11.14
p1,1764755373.0945,3.526,-62.22,-73.21,10.63
p1,1764755382.9230,3.527,-62.17,-73.39,10.87
p1,1764755382.9450,3.537,-62.75,-73.3,10.15
p1,1764755383.0622,3.527,-62.14,-73.51,11.04
p1,1764755383.1940,3.532,-61.78,-73.03,10.9
G,1764755386,13.09193,-16.768818333,25.9
C,1764755388.005,5,0
p1,1764755393.0225,3.534,-61.76,-73.52,11.46
p1,1764755393.0445,3.538,-61.67,-73.52,11.55
p1,1764755393.1614,3.532,-61.99,-73.32,10.99
p1,1764755393.2934,3.536,-61.79,-73.1,10.97
p1,1764755403.1217,3.535,-62.03,-72.83,10.42
p1,1764755403.1439,3.538,-62.87,-72.9,9.573
p1,1764755403.2609,3.543,-62.27,-73.13,10.49
p1,1764755403.3927,3.517,-62.95,-72.59,9.138
C,1764755408.006,4,0
p1,1764755413.2212,3.512,-62,-73.12,10.78
p1,1764755413.2432,3.536,-62.43,-73.46,10.67
p1,1764755413.3605,3.526,-62.22,-73.62,11.07
p1,1764755413.4922,3.541,-61.81,-72.98,10.83
p1,1764755423.3207,3.527,-61.76,-73.4,11.33
p1,1764755423.3427,3.526,-61.98,-73.42,11.12
p1,1764755423.4599,3.528,-62.37,-73.64,10.94
p1,1764755423.5917,3.542,-62.25,-73.45,10.86
p1,1764755433.4202,3.527,-62.1,-73.97,11.58
p1,1764755433.4422,3.536,-62.21,-72.93,10.34
p1,1764755433.5594,3.539,-62.62,-73.23,10.22
p1,1764755433.6912,3.532,-62.16,-73.45,10.95
p1,1764755443.5197,3.542,-61.84,-73.53,11.39
p1,1764755443.5414,3.526,-61.93,-73.39,11.14
p1,1764755443.6587,3.534,-61.96,-73.58,11.3
p1,1764755443.7904,3.531,-62.6,-73.46,10.49
G,1764755446,13.091925,-16.768813333,26.2
C,1764755448.005,5,0
p1,1764755453.6189,3.527,-61.81,-73.16,11.02
p1,1764755453.6409,3.54,-62.14,-72.42,9.851
p1,1764755453.7582,3.531,-62,-73.16,10.81
p1,1764755453.8902,3.526,-61.98,-73.39,11.08
p1,1764755463.7184,3.531,-61.6,-73.3,11.39
p1,1764755463.7404,3.528,-61.81,-73.01,10.86
p1,1764755463.8574,3.52,-62.07,-73.24,10.83
p1,1764755463.9894,3.524,-62.04,-73.44,11.08
C,1764755468.005,4,0
p1,1764755473.8179,3.529,-62.85,-73.76,10.54
p1,1764755473.8399,3.537,-62.65,-73.38,10.34
p1,1764755473.9572,3.521,-62.13,-73.22,10.73
p1,1764755474.0889,3.542,-62.17,-73.63,11.14
p1,1764755483.9174,3.515,-62.78,-73.53,10.37
p1,1764755483.9394,3.525,-62.34,-73.72,11.05
p1,1764755484.0564,3.533,-61.95,-73.34,11.06
p1,1764755484.1884,3.528,-62.22,-73.77,11.24
p1,1764755494.0167,3.526,-61.69,-73.7,11.73
p1,1764755494.0387,3.533,-62.2,-73.01,10.43
p1,1764755494.1559,3.537,-61.81,-73.72,11.63
p1,1764755494.2877,3.536,-62.17,-72.62,10.04
p1,1764755504.1162,3.527,-62.04,-73.11,10.72
p1,1764755504.1382,3.525,-62.28,-73.08,10.43
p1,1764755504.2554,3.521,-62.25,-72.73,10.07
p1,1764755504.3871,3.528,-62.48,-73.06,10.18
G,1764755506,13.09191,-16.768806667,26.5
C,1764755508.006,5,0
p1,1764755514.2156,3.527,-62.64,-73.02,9.965
p1,1764755514.2377,3.543,-62.19,-73.1,10.53
p1,1764755514.3546,3.525,-62.34,-73.11,10.4
p1,1764755514.4866,3.535,-62.61,-72.18,9.059
p1,1764755524.3149,3.531,-62.06,-72.94,10.51
p1,1764755524.3372,3.534,-62.34,-73.03,10.31
p1,1764755524.4542,3.519,-62.12,-73.5,11.05
p1,1764755524.5859,3.542,-62.24,-73.47,10.89
C,1764755528.006,4,0
p1,1764755534.4144,3.524,-62.09,-72.96,10.49
p1,1764755534.4364,3.536,-62.06,-73.37,10.98
p1,1764755534.5536,3.527,-62.56,-73.37,10.43
p1,1764755534.6854,3.543,-62.05,-73.12,10.72
p1,1764755544.5139,3.525,-62.58,-73.15,10.17
p1,1764755544.5359,3.518,-62.32,-73.47,10.8
p1,1764755544.6531,3.522,-61.58,-73.25,11.37
p1,1764755544.7849,3.53,-62.84,-73.6,10.38
C,1764755548.004,5,0
p1,1764755554.6134,3.52,-62.05,-73.7,11.34
p1,1764755554.6354,3.536,-62.03,-73.69,11.36
p1,1764755554.7524,3.534,-61.45,-73.37,11.63
p1,1764755554.8844,3.523,-62.81,-73.22,9.987
p1,1764755564.7126,3.53,-62.25,-73.87,11.3
p1,1764755564.7346,3.525,-62.87,-73.35,10.07
p1,1764755564.8519,3.538,-62.21,-73.6,11.07
p1,1764755564.9836,3.524,-62.39,-73.58,10.85
G,1764755566,13.091901667,-16.768791667,26.7
C,1764755568.007,4,0
p1,1764755574.8121,3.537,-61.83,-73.87,11.76
p1,1764755574.8341,3.534,-62.18,-73.71,11.21
p1,1764755574.9514,3.537,-62.58,-73.52,10.58
p1,1764755575.0831,3.545,-61.95,-73.27,10.98
p1,1764755584.9116,3.519,-62.43,-73.95,11.2
p1,1764755584.9336,3.538,-62.43,-73.37,10.58
p1,1764755585.0509,3.53,-62.42,-73.57,10.8
p1,1764755585.1826,3.523,-62.01,-73.77,11.46
p1,1764755595.0111,3.526,-62.03,-73.58,11.24
p1,1764755595.0329,3.535,-62.63,-73.21,10.18
p1,1764755595.1504,3.53,-62.37,-73.04,10.28
p1,1764755595.2821,3.528,-62.15,-74.01,11.57
p1,1764755605.1106,3.53,-61.91,-73.28,11.04
p1,1764755605.1326,3.534,-62.84,-73.38,10.14
p1,1764755605.2496,3.529,-62.14,-73.56,11.09
p1,1764755605.3816,3.54,-61.81,-73.49,11.38
C,1764755608.005,5,0
p1,1764755615.2099,3.526,-61.94,-72.84,10.53
p1,1764755615.2319,3.527,-61.47,-73.21,11.44
p1,1764755615.3491,3.503,-62.18,-73.28,10.75
p1,1764755615.4809,3.53,-62.14,-72.83,10.3
p1,1764755625.3094,3.528,-61.73,-73.11,11.05
p1,1764755625.3314,3.534,-62.1,-72.91,10.44
p1,1764755625.4486,3.537,-62.31,-73.2,10.52
p1,1764755625.5804,3.525,-61.87,-72.91,10.68
G,1764755626,13.091893333,-16.76877,27.2
C,1764755628.004,4,0
p1,1764755635.4088,3.522,-61.14,-72.19,10.69
p1,1764755635.4306,3.514,-61.83,-72.68,10.48
p1,1764755635.5478,3.547,-61.08,-72.92,11.55
p1,1764755635.6798,3.527,-62.03,-73.09,10.71
p1,1764755645.5081,3.526,-62.01,-73.55,11.22
p1,1764755645.5301,3.533,-61.89,-73.87,11.7
p1,1764755645.6473,3.527,-61.51,-73.43,11.63
p1,1764755645.7793,3.532,-61.48,-72.86,11.06
p1,1764755655.6078,3.534,-61.93,-72.64,10.33
p1,1764755655.6296,3.533,-62.18,-73.03,10.48
p1,1764755655.7468,3.528,-61.96,-73.29,11
p1,1764755655.8786,3.522,-62,-73.64,11.34
p1,1764755665.7071,3.531,-62.06,-72.9,10.46
p1,1764755665.7291,3.536,-62.42,-73.39,10.6
p1,1764755665.8461,3.518,-62.15,-73.04,10.52
p1,1764755665.9781,3.529,-61.98,-72.93,10.59
C,1764755668.004,5,0
p1,1764755675.8066,3.533,-61.55,-73.75,11.93
p1,1764755675.8283,3.524,-62.2,-73.04,10.46
p1,1764755675.9458,3.529,-62.6,-73.36,10.38
p1,1764755676.0776,3.535,-61.54,-72.9,11.03
p1,1764755685.9061,3.528,-61.93,-73.15,10.88
p1,1764755685.9278,3.54,-62.81,-73.35,10.13
p1,1764755686.0451,3.526,-61.45,-73.8,12.08
p1,1764755686.1768,3.538,-61.69,-73.77,11.81
G,1764755686,13.09188,-16.768763333,27.2
C,1764755688.005,4,0
p1,1764755696.0053,3.536,-61.78,-73.79,11.72
p1,1764755696.0273,3.533,-62.01,-73.09,10.72
p1,1764755696.1446,3.522,-62.04,-73.15,10.76
p1,1764755696.2763,3.535,-61.7,-73.77,11.79
p1,1764755706.1048,3.535,-62.19,-73.05,10.49
p1,1764755706.1268,3.528,-62.11,-73.01,10.54
p1,1764755706.2441,3.53,-62.24,-72.91,10.28
p1,1764755706.3758,3.534,-61.23,-72.83,11.29
C,1764755708.002,5,0
p1,1764755716.2041,3.535,-62.94,-73.28,9.925
p1,1764755716.2263,3.548,-62.9,-73.33,10.02
p1,1764755716.3433,3.548,-62.56,-71.58,8.437
p1,1764755716.4503,1.886,-61.37,-70.12,8.135
p1,1764755716.4513,7.6,-60.52,-73.46,12.71
p1,1764755716.4753,3.52,-61.71,-69.79,7.347
C,1764755728.004,4,0
p1,1764755731.0868,-4.29,-57.75,-75.57,17.74
p1,1764755731.0878,1.864,-57.63,-74,16.27
G,1764755746,13.092126667,-16.768921667,23.3
p1,1764755756.8730,3.563,-66.4,-73.89,6.636
C,1764755768.005,5,0
p1,1764755786.9001,3.523,-62.7,-70.35,6.831
p1,1764755786.9223,3.536,-62.39,-70.37,7.23
p1,1764755787.0395,3.538,-62.53,-70.28,6.957
p1,1764755787.1713,3.533,-62.38,-70.62,7.54
C,1764755787.473,4,0
p1,1764755796.9998,3.524,-61.94,-72.85,10.54
p1,1764755797.0218,3.534,-62.33,-72.77,10.04
p1,1764755797.1388,3.524,-61.92,-73.36,11.12
p1,1764755797.2705,3.524,-63.18,-73.41,9.792
p1,1764755807.0993,3.544,-62.43,-72.62,9.757
p1,1764755807.1210,3.535,-63.05,-72.66,9.104
p1,1764755807.2383,3.546,-62.91,-72.43,9.011
G,1764755806,13.09217,-16.768686667,22.1
p1,1764755807.3700,3.53,-62.83,-71.81,8.393
C,1764755827.473,5,0
p1,1764755837.9912,4.291,-62.56,-69.82,6.356
p1,1764755838.0070,7.897,-63.05,-71.05,7.249
p1,1764755838.0072,1.854,-60.58,-69.02,7.77
p1,1764755838.0360,1.912,-63.24,-70.51,6.374
p1,1764755843.1080,1.879,-60.1,-68.28,7.468
p1,1764755843.1085,-6.557,-60.47,-70.55,9.63
C,1764755847.471,4,0
