port, timestamp,snr,signal,noise,ms
C,1764580784.811,4,0
G,1764580787,13.079446667,-16.7701,9.8
C,1764580809.005,5,0
C,1764580829.005,4,0
G,1764580847,13.079453333,-16.770103333,10.1
C,1764580849.004,5,0
C,1764580889.005,4,0
G,1764580907,13.079465,-16.770106667,10.5
C,1764580909.004,5,0
C,1764580929.005,4,0
G,1764580967,13.079466667,-16.770101667,10.2
C,1764580969.005,5,0
C,1764580989.002,4,0
C,1764581009.007,5,0
G,1764581027,13.079451667,-16.770113333,11.6
C,1764581049.005,4,0
C,1764581069.004,5,0
G,1764581087,13.079446667,-16.770115,11.8
C,1764581089.004,4,0
C,1764581109.005,5,0
G,1764581147,13.079441667,-16.770118333,11.6
C,1764581149.004,4,0
C,1764581189.005,5,0
G,1764581207,13.079448333,-16.770105,11.1
C,1764581209.005,4,0
C,1764581229.005,5,0
C,1764581249.005,4,0
G,1764581267,13.079446667,-16.770106667,11
C,1764581289.002,5,0
C,1764581309.005,4,0
G,1764581327,13.07945,-16.770093333,10.8
C,1764581329.005,5,0
C,1764581369.005,4,0
C,1764581385.267,4,0
G,1764581387,13.079458333,-16.770086667,10.7
C,1764581389.005,5,0
C,1764581409.004,4,0
G,1764581447,13.07946,-16.770091667,10.9
C,1764581449.004,5,0
C,1764581469.005,4,0
C,1764581489.005,5,0
G,1764581507,13.07946,-16.77008,10.6
C,1764581529.005,4,0
C,1764581549.005,5,0
G,1764581567,13.079456667,-16.770083333,10.6
C,1764581569.005,4,0
C,1764581609.006,5,0
G,1764581627,13.079451667,-16.770098333,10.8
C,1764581629.004,4,0
C,1764581649.004,5,0
G,1764581687,13.079443333,-16.770101667,11
C,1764581689.006,4,0
C,1764581709.004,5,0
C,1764581729.005,4,0
G,1764581747,13.079461667,-16.770098333,11.3
C,1764581769.004,5,0
C,1764581789.008,4,0
G,1764581807,13.079471667,-16.770096667,11.4
C,1764581809.004,5,0
C,1764581849.005,4,0
G,1764581867,13.079476667,-16.770095,11.6
C,1764581869.006,5,0
C,1764581889.003,4,0
G,1764581927,13.079483333,-16.770113333,11.6
C,1764581929.007,5,0
C,1764581949.004,4,0
C,1764581985.721,4,0
G,1764581987,13.079488333,-16.770116667,11.4
C,1764581989.005,5,0
C,1764582009.004,4,0
C,1764582029.003,5,0
G,1764582047,13.079476667,-16.770123333,11.3
C,1764582049.006,4,0
C,1764582089.004,5,0
G,1764582107,13.079471667,-16.770125,11.2
C,1764582109.005,4,0
C,1764582129.005,5,0
G,1764582167,13.079476667,-16.770118333,10.8
C,1764582169.004,4,0
C,1764582189.004,5,0
C,1764582209.005,4,0
G,1764582227,13.079468333,-16.770148333,11.3
C,1764582249.005,5,0
C,1764582269.007,4,0
G,1764582287,13.079491667,-16.77015,11.3
C,1764582289.004,5,0
C,1764582329.004,4,0
G,1764582347,13.079491667,-16.770141667,11.5
C,1764582349.005,5,0
C,1764582369.005,4,0
G,1764582407,13.079493333,-16.770133333,12
C,1764582409.004,5,0
C,1764582429.005,4,0
C,1764582449.005,5,0
G,1764582467,13.079491667,-16.77013,12.1
C,1764582489.005,4,0
C,1764582509.004,5,0
G,1764582527,13.079495,-16.77012,12.6
C,1764582529.005,4,0
C,1764582569.004,5,0
C,1764582586.204,5,0
G,1764582587,13.079495,-16.77012,12.7
C,1764582589.005,4,0
C,1764582609.004,5,0
G,1764582647,13.079485,-16.770133333,12.9
C,1764582649.005,4,0
C,1764582669.005,5,0
C,1764582689.005,4,0
G,1764582707,13.079485,-16.77012,13
C,1764582729.004,5,0
C,1764582749.004,4,0
G,1764582767,13.079485,-16.770101667,13.3
C,1764582769.005,5,0
C,1764582809.004,4,0
G,1764582827,13.079468333,-16.7701,13.3
C,1764582829.005,5,0
C,1764582849.005,4,0
G,1764582887,13.079483333,-16.770088333,13.3
C,1764582889.006,5,0
C,1764582909.005,4,0
C,1764582929.004,5,0
G,1764582947,13.079475,-16.7701,13.5
C,1764582969.004,4,0
C,1764582989.005,5,0
G,1764583007,13.079458333,-16.770098333,13.1
C,1764583009.004,4,0
C,1764583049.004,5,0
G,1764583067,13.07944,-16.770115,12.9
C,1764583069.005,4,0
C,1764583089.004,5,0
G,1764583127,13.079438333,-16.77011,12.7
C,1764583129.005,4,0
C,1764583186.647,4,0
G,1764583187,13.079425,-16.770118333,12.4
C,1764583209.004,5,0
C,1764583229.005,4,0
G,1764583247,13.079433333,-16.770141667,12.5
C,1764583249.007,5,0
p1,1764583259.7870,-6.773,-72.99,-80.4,6.539
p1,1764583272.6532,4.989,-66.79,-80.24,13.25
p1,1764583272.6534,-4.965,-66.88,-78.8,11.63
C,1764583289.005,4,0
G,1764583307,13.079435,-16.77014,12.6
C,1764583309.004,5,0
C,1764583329.005,4,0
G,1764583367,13.079431667,-16.770146667,12.6
C,1764583369.004,5,0
C,1764583389.005,4,0
G,1764583427,13.07943,-16.77016,12.7
C,1764583429.004,5,0
C,1764583449.005,4,0
C,1764583469.006,5,0
G,1764583487,13.079425,-16.770163333,13.3
C,1764583489.005,4,0
C,1764583529.005,5,0
G,1764583547,13.079423333,-16.770151667,13.4
C,1764583549.005,4,0
C,1764583569.005,5,0
G,1764583607,13.079408333,-16.770128333,13.6
C,1764583609.005,4,0
C,1764583629.004,5,0
C,1764583649.005,4,0
G,1764583667,13.079423333,-16.770126667,14.1
C,1764583689.005,5,0
C,1764583709.006,4,0
G,1764583727,13.079433333,-16.77012,13.9
C,1764583729.005,5,0
C,1764583769.005,4,0
C,1764583787.137,4,0
G,1764583787,13.079431667,-16.770126667,13.8
C,1764583789.005,5,0
C,1764583809.006,4,0
G,1764583847,13.079421667,-16.770121667,13.9
C,1764583849.003,5,0
C,1764583869.004,4,0
C,1764583889.005,5,0
G,1764583907,13.079431667,-16.77012,14
C,1764583929.004,4,0
C,1764583949.004,5,0
G,1764583967,13.079435,-16.77013,14
C,1764583969.004,4,0
C,1764584009.006,5,0
G,1764584027,13.079433333,-16.77014,14
C,1764584029.005,4,0
C,1764584049.005,5,0
G,1764584087,13.079433333,-16.770153333,13.5
C,1764584089.004,4,0
C,1764584109.004,5,0
C,1764584129.005,4,0
G,1764584147,13.079426667,-16.770165,13.6
C,1764584169.005,5,0
C,1764584189.004,4,0
G,1764584207,13.079428333,-16.770175,13.7
C,1764584209.004,5,0
C,1764584248.298,4,0
G,1764584267,13.079425,-16.7702,14.1
C,1764584268.298,5,0
C,1764584288.3,4,0
G,1764584327,13.079415,-16.7702,14.7
C,1764584328.299,5,0
C,1764584348.303,4,0
