port, timestamp,snr,signal,noise,ms
p1,1764326057.8662,3.486,-64.74,-77.14,12.14
p1,1764326057.8882,3.479,-63.62,-77.87,14.08
p1,1764326058.0054,3.494,-64.45,-77.75,13.09
p1,1764326058.1372,3.489,-64.48,-77.49,12.79
C,1764326064.035,4,0
p1,1764326067.9657,3.485,-65.3,-76.31,10.65
p1,1764326067.9877,3.485,-64.68,-76.38,11.4
p1,1764326068.1049,3.485,-65.14,-76.79,11.34
p1,1764326068.2367,3.484,-64.43,-76.47,11.76
p1,1764326078.0652,3.496,-64.7,-76.02,10.99
p1,1764326078.0869,3.487,-63.94,-75.41,11.15
p1,1764326078.2042,3.491,-64.04,-75.61,11.26
p1,1764326078.3362,3.498,-64.73,-76.17,11.11
p1,1764326088.1644,3.48,-63.55,-76.45,12.67
p1,1764326088.1864,3.486,-64.07,-76.31,11.98
p1,1764326088.3037,3.488,-63.78,-75.66,11.58
p1,1764326088.4354,3.478,-64.5,-76.05,11.23
p1,1764326098.2639,3.488,-64.28,-76.8,12.27
p1,1764326098.2859,3.48,-65.05,-77.11,11.79
p1,1764326098.4032,3.496,-64.43,-76.55,11.85
p1,1764326098.5349,3.484,-64.28,-76.8,12.27
G,1764326098,13.069041667,-16.747478333,12.2
p1,1764326108.3634,3.483,-64.96,-77.42,12.2
p1,1764326108.3854,3.48,-64.62,-77.69,12.85
p1,1764326108.5024,3.482,-64.59,-77.55,12.73
p1,1764326108.6344,3.483,-65,-77.12,11.84
p1,1764326118.4629,3.488,-64.95,-77.63,12.44
p1,1764326118.4847,3.471,-64.56,-77.28,12.48
p1,1764326118.6019,3.486,-64.32,-77.47,12.93
p1,1764326118.7339,3.49,-64.5,-77.73,13.02
p1,1764326128.5621,3.491,-65.61,-77.4,11.5
p1,1764326128.5841,3.495,-64.46,-77.41,12.72
p1,1764326128.7014,3.488,-64.36,-77.31,12.72
p1,1764326128.8331,3.481,-65.25,-77.91,12.42
p1,1764326138.6616,3.491,-60.94,-77.64,16.61
p1,1764326138.6836,3.486,-61.42,-77.57,16.05
p1,1764326138.8009,3.485,-61.53,-76.91,15.25
p1,1764326138.9326,3.502,-61.93,-77.71,15.66
p1,1764326148.7611,3.493,-67.77,-77.07,8.761
p1,1764326148.9001,3.49,-69.17,-77.37,7.487
p1,1764326149.0321,3.482,-66.62,-77.4,10.4
p1,1764326158.8604,3.48,-63.76,-77.32,13.36
p1,1764326158.8824,3.477,-63.24,-77.68,14.28
G,1764326158,13.06904,-16.74748,12.3
p1,1764326158.9996,3.483,-64.05,-77.2,12.93
p1,1764326159.1314,3.486,-63.69,-76.51,12.58
C,1764326160.005,5,0
p1,1764326168.9599,3.45,-70.1,-78.32,7.511
p1,1764326168.9819,3.482,-69.32,-78.02,8.071
C,1764326180.005,4,0
C,1764326200.006,5,0
G,1764326218,13.06904,-16.74748,12.2
C,1764326220.004,4,0
p1,1764326239.6778,3.425,-69.98,-78.23,7.542
p1,1764326239.9271,3.477,-70.48,-77.94,6.594
C,1764326260.004,5,0
G,1764326278,13.069033333,-16.747476667,12.3
C,1764326280.006,4,0
C,1764326320.008,5,0
G,1764326338,13.069028333,-16.747476667,13
C,1764326340.007,4,0
C,1764326360.006,5,0
C,1764326380.004,4,0
G,1764326398,13.06903,-16.747478333,13.4
p1,1764326411.3462,3.463,-70.97,-78.13,6.23
C,1764326420.004,5,0
p1,1764326421.4457,3.483,-70.29,-77.58,6.395
p1,1764326421.7167,3.466,-69.58,-77.73,7.437
C,1764326440.004,4,0
G,1764326458,13.069026667,-16.747481667,13
C,1764326480.005,5,0
C,1764326500.004,4,0
G,1764326518,13.069025,-16.747483333,13
G,1764326578,13.069025,-16.747483333,12.8
C,1764326580.006,5,0
C,1764326600.005,4,0
G,1764326638,13.069025,-16.747478333,12.9
C,1764326640.005,5,0
C,1764326660.005,4,0
C,1764326664.445,4,0
p1,1764326675.9046,1.901,-69.35,-76.53,6.26
p1,1764326679.8878,-5.508,-69,-76.16,6.232
C,1764326680.007,5,0
p1,1764326682.0646,3.734,-64.73,-71.91,6.254
p1,1764326682.1916,-3.379,-61.87,-69.35,6.628
p1,1764326682.1918,-2.794,-60.07,-68.88,8.193
p1,1764326682.2189,7.066,-59.8,-67.47,6.85
p1,1764326682.3033,-5.12,-59.64,-67.5,7.082
p1,1764326682.3321,-5.088,-60.07,-67.87,7.011
p1,1764326682.3326,-5.159,-60.62,-67.95,6.444
p1,1764326682.3481,1.973,-60.52,-68.78,7.558
p1,1764326682.3503,4.003,-61.27,-69.15,7.109
p1,1764326682.3896,6.436,-62.19,-69.39,6.29
p1,1764326682.5876,-5.97,-67.76,-75.57,7.029
G,1764326698,13.06902,-16.747481667,12.9
C,1764326700.005,4,0
C,1764326740.006,5,0
G,1764326758,13.069016667,-16.747478333,12.6
C,1764326760.005,4,0
C,1764326800.007,5,0
G,1764326818,13.069018333,-16.747476667,12.6
C,1764326820.004,4,0
C,1764326840.006,5,0
C,1764326860.005,4,0
G,1764326878,13.069018333,-16.747478333,12.3
C,1764326900.005,5,0
C,1764326920.005,4,0
G,1764326938,13.069021667,-16.74747,12.1
C,1764326960.005,5,0
p1,1764326966.8152,3.438,-66.88,-77.17,9.864
p1,1764326966.8372,3.439,-65.68,-77.2,11.21
p1,1764326966.9545,3.458,-67.18,-77.8,10.23
p1,1764326967.0862,3.434,-66.49,-77.44,10.58
p1,1764326976.9367,3.435,-69.7,-77.41,6.898
p1,1764326977.0537,3.409,-71.09,-78.11,6.066
C,1764326980.004,4,0
p1,1764326987.0142,3.469,-69.45,-77.95,7.845
p1,1764326987.0362,3.426,-69.42,-77.72,7.611
p1,1764326987.1537,3.468,-69.97,-77.37,6.526
p1,1764326987.2852,3.483,-70.04,-77.49,6.578
p1,1764326997.1137,3.442,-68.54,-77.41,8.269
p1,1764326997.1357,3.458,-68.32,-77.89,9.054
p1,1764326997.2527,3.447,-68.36,-77.46,8.529
p1,1764326997.3845,3.42,-68.38,-77.15,8.156
G,1764326998,13.06902,-16.74747,12.2
C,1764327000.005,5,0
p1,1764327007.2132,3.448,-67.07,-78.1,10.67
p1,1764327007.2349,3.447,-67.12,-77.98,10.48
p1,1764327007.3522,3.443,-66.85,-77.72,10.5
p1,1764327007.4839,3.472,-68.19,-77.69,8.989
p1,1764327017.3124,3.461,-65.92,-77.82,11.61
p1,1764327017.3344,3.457,-65.71,-77.72,11.73
p1,1764327017.4517,3.46,-64.83,-77.59,12.53
p1,1764327017.5834,3.461,-64.26,-77.28,12.8
C,1764327020.005,4,0
p1,1764327027.4119,3.452,-64.03,-78.07,13.87
p1,1764327027.4339,3.451,-63.47,-78.13,14.5
p1,1764327027.5509,3.458,-62.96,-77.37,14.25
p1,1764327027.6829,3.456,-62.74,-77.45,14.57
p1,1764327037.5114,3.46,-61.97,-77.78,15.69
p1,1764327037.5332,3.457,-62.07,-77.47,15.27
p1,1764327037.6504,3.454,-62.83,-78.31,15.35
p1,1764327037.7822,3.434,-63.39,-77.27,13.7
p1,1764327047.6106,3.451,-63.09,-77.63,14.39
p1,1764327047.6327,3.455,-62.74,-77.89,15.01
p1,1764327047.7499,3.466,-63.41,-77.49,13.91
p1,1764327047.8817,3.451,-62.31,-77.35,14.91
p1,1764327057.7102,3.46,-62.54,-77.95,15.28
p1,1764327057.7322,3.46,-62.58,-77.86,15.15
p1,1764327057.8494,3.453,-63.83,-77.48,13.46
p1,1764327057.9811,3.454,-62.07,-77.46,15.25
G,1764327058,13.069026667,-16.747468333,12
C,1764327060.005,5,0
p1,1764327067.8096,3.466,-59.4,-77.5,18.03
p1,1764327067.8316,3.462,-58.81,-77.98,19.12
p1,1764327067.9486,3.452,-58.48,-77.34,18.8
p1,1764327068.0807,3.462,-58.16,-77.76,19.55
p1,1764327077.9091,3.455,-61.67,-77.44,15.66
p1,1764327077.9309,-4.635,-70.96,-78.63,6.857
p1,1764327077.9311,3.461,-61.03,-76.56,15.41
p1,1764327078.0481,3.452,-61.57,-76.92,15.22
p1,1764327078.1799,3.447,-59.05,-77.27,18.16
C,1764327080.004,4,0
p1,1764327088.0084,3.456,-59.4,-77.06,17.58
p1,1764327088.0304,3.455,-58.75,-77.6,18.79
p1,1764327088.1476,3.461,-59.22,-77.57,18.28
p1,1764327088.2794,3.456,-59.86,-77.05,17.11
p1,1764327098.1079,3.455,-58.13,-77.42,19.23
p1,1764327098.1299,3.453,-58.73,-78.03,19.25
p1,1764327098.2471,3.456,-59.33,-77.32,17.92
p1,1764327098.3789,3.46,-58.43,-77.43,18.94
C,1764327100.013,5,0
p1,1764327108.2074,3.462,-67.28,-77.48,9.762
p1,1764327108.2294,3.425,-65.07,-77.22,11.87
p1,1764327108.3464,4.634,-70.47,-79.1,7.984
p1,1764327108.3466,3.46,-61.34,-76.91,15.45
p1,1764327108.4784,3.454,-59.66,-77.68,17.95
p1,1764327111.6801,4.709,-72.8,-79.84,6.081
p1,1764327114.0976,2.009,-70.94,-78.02,6.135
p1,1764327116.8879,4.448,-71.32,-79.23,7.147
p1,1764327116.8884,4.372,-69.39,-77.99,7.958
p1,1764327117.0371,5.921,-70.96,-80.05,8.515
p1,1764327117.0376,3.253,-70.51,-77.55,6.072
p1,1764327117.1126,6.777,-65.97,-78.98,12.78
p1,1764327117.1144,1.911,-65.72,-77.93,11.94
p1,1764327117.2881,-6.859,-71.06,-79.43,7.679
p1,1764327117.5621,-5.163,-66.56,-78.92,12.1
p1,1764327117.7649,-6.688,-67.66,-79.55,11.6
p1,1764327117.7656,1.901,-67.27,-77.93,10.27
p1,1764327117.8396,5.646,-71.02,-79.87,8.237
p1,1764327118.0164,-7.788,-72.63,-79.77,6.206
p1,1764327118.1411,-7.564,-72.01,-79.35,6.443
p1,1764327118.2174,1.916,-66.91,-77.75,10.47
p1,1764327118.3059,3.454,-68.42,-76.44,7.274
p1,1764327118.3199,-4.684,-68.36,-78.04,9.182
p1,1764327118.3289,3.456,-65.53,-74.9,8.836
p1,1764327118.3706,-4.575,-66.55,-79.77,13.01
p1,1764327118.3711,1.987,-66.41,-78.32,11.62
p1,1764327118.3951,-3.061,-69.36,-78.07,8.09
p1,1764327118.4206,-6.402,-64.03,-79.3,15.14
p1,1764327118.4216,-3.89,-63.76,-77.66,13.72
p1,1764327118.4449,3.786,-69.18,-79.01,9.352
p1,1764327118.4459,3.464,-66.81,-77.56,10.37
p1,1764327118.5779,3.462,-64.95,-77.67,12.48
p1,1764327118.6989,-4.093,-70.75,-79.09,7.65
p1,1764327118.6991,4.202,-70.55,-77.67,6.178
G,1764327118,13.069026667,-16.747473333,11.8
p1,1764327119.0281,4.735,-62.72,-77.7,14.83
p1,1764327119.1549,-2.688,-65.47,-77.96,12.24
p1,1764327119.1569,-6.341,-65.6,-79.18,13.39
p1,1764327119.1819,-5.553,-65.11,-79.14,13.85
p1,1764327119.1831,-4.313,-65.49,-78.02,12.28
p1,1764327119.2069,4.294,-68.28,-77.89,9.112
p1,1764327119.2076,4.458,-68.74,-79.28,10.14
p1,1764327119.2319,-7.088,-65.85,-79,12.93
p1,1764327119.2334,2.005,-66.31,-77.98,11.36
p1,1764327119.2579,-1.883,-66.23,-77.81,11.27
p1,1764327119.2586,-4.149,-66.6,-79.02,12.16
p1,1764327119.2836,-4.662,-61.79,-77.99,16.1
p1,1764327119.2849,-4.614,-61.94,-79.31,17.29
p1,1764327119.3871,-5.095,-70.55,-77.54,6.018
p1,1764327119.3881,-6.633,-72.07,-79.42,6.469
p1,1764327119.4124,-6.604,-68.99,-79.05,9.615
p1,1764327119.6179,-4.035,-69.38,-79.41,9.576
p1,1764327119.6199,2.205,-68.42,-78.11,9.192
p1,1764327119.6444,1.956,-68.68,-78.07,8.864
p1,1764327119.6461,-6.613,-68.68,-79.2,10.12
p1,1764327119.6699,4.663,-62.02,-77.03,14.86
p1,1764327119.6706,7.066,-61.79,-78.7,16.82
p1,1764327119.6961,-7.778,-66.57,-79.06,12.23
p1,1764327119.6976,-4.603,-66.69,-77.51,10.45
p1,1764327119.7229,5.057,-69.8,-79.62,9.34
p1,1764327119.7464,-6.347,-61.95,-79.47,17.44
p1,1764327119.7734,5.481,-67.47,-79.13,11.35
p1,1764327119.8724,-3.569,-67.96,-77.39,8.904
p1,1764327119.8729,3.831,-68.76,-79.28,10.12
p1,1764327119.8976,2.007,-70.31,-77.81,6.655
p1,1764327119.8984,6.037,-69.87,-79.15,8.737
p1,1764327119.9236,-7.769,-70.09,-79.33,8.685
p1,1764327119.9756,-4.756,-68.13,-79.35,10.88
p1,1764327119.9759,1.877,-66.23,-77.71,11.16
p1,1764327120.0529,5.474,-58.06,-78.28,20.19
p1,1764327120.0549,-6.666,-57.78,-79.09,21.28
p1,1764327120.1599,-4.031,-71.13,-78.56,6.568
p1,1764327120.2134,2.177,-58.78,-77.22,18.37
p1,1764327120.2149,-5.483,-58.59,-78.54,19.91
p1,1764327120.2406,2.291,-65.37,-77.93,12.31
p1,1764327120.2411,-7.506,-65.93,-78.84,12.69
p1,1764327120.2664,-6.593,-56.35,-79.28,22.9
p1,1764327120.2669,5.6,-56.58,-77.93,21.32
p1,1764327120.2919,5.609,-66.65,-79.29,12.39
p1,1764327120.2931,-4.92,-65.71,-77.56,11.55
p1,1764327120.7366,1.953,-68.66,-77.69,8.454
p1,1764327120.7389,-5.872,-68.84,-78.83,9.526
p1,1764327120.9489,-1.846,-67.18,-77.87,10.31
p1,1764327120.9494,5.446,-66.94,-79.47,12.28
p1,1764327121.0011,-3.673,-66.9,-77.34,10.04
p1,1764327121.0019,-5.829,-66.78,-79.04,11.99
p1,1764327121.1091,7.5,-55.89,-78.92,23.01
p1,1764327121.1094,1.963,-56.05,-77.97,21.9
p1,1764327121.1861,1.955,-66.45,-77.53,10.72
p1,1764327121.2409,7.101,-62.62,-79.34,16.63
p1,1764327121.2936,-4.297,-61.38,-77.97,16.49
p1,1764327121.2949,6.335,-61.77,-79.32,17.47
p1,1764327121.3201,-3.507,-57.45,-77.98,20.48
p1,1764327121.3216,-6.807,-57.42,-79.42,21.97
p1,1764327121.3986,4.876,-62.83,-79.17,16.24
p1,1764327121.3994,5.063,-62.92,-77.62,14.55
p1,1764327121.4521,-5.538,-65.39,-77.56,11.9
p1,1764327121.4526,-5.588,-65.88,-78.76,12.66
p1,1764327121.4776,2.327,-58.62,-78.17,19.5
p1,1764327121.4796,4.747,-58.68,-79.25,20.53
p1,1764327121.6106,3.927,-64.51,-78.89,14.22
p1,1764327121.6124,-4.079,-64.85,-77.75,12.66
p1,1764327121.6384,-7.208,-71.71,-78.9,6.267
p1,1764327121.7436,-5.607,-71.86,-78.88,6.056
p1,1764327121.9049,7.236,-70.98,-79.12,7.416
p1,1764327121.9301,7.107,-71.34,-78.75,6.538
p1,1764327121.9569,6.404,-71.4,-79.02,6.797
p1,1764327121.9844,-4.364,-70.79,-79.28,7.828
p1,1764327121.9846,4.322,-70.27,-78.04,6.982
p1,1764327122.0654,-5.447,-56.37,-79.09,22.7
p1,1764327122.1709,2.267,-61.43,-77.61,16.07
p1,1764327122.1724,-5.894,-61.44,-78.92,17.41
p1,1764327122.2246,5.391,-62.06,-77.52,15.33
p1,1764327122.2249,-5.326,-62.25,-79.04,16.69
p1,1764327122.2799,-6.637,-72.18,-79.21,6.066
p1,1764327122.4126,-4.347,-71.89,-79.11,6.316
p1,1764327122.4916,-7.188,-64.73,-78.86,13.96
p1,1764327122.4921,-3.524,-64.34,-78.2,13.67
p1,1764327122.5174,-5.507,-68.59,-79.12,10.12
p1,1764327122.5181,-5.172,-68.47,-77.6,8.556
p1,1764327122.5449,5.135,-65.26,-79.27,13.83
p1,1764327122.5451,5.16,-65.5,-77.56,11.79
p1,1764327122.5981,-7.602,-71.58,-79.57,7.236
p1,1764327122.5994,-1.956,-70.31,-77.72,6.538
p1,1764327122.6244,4.435,-69.17,-78.49,8.769
p1,1764327122.6254,4.34,-69.36,-77.75,7.717
p1,1764327122.7571,6.328,-63,-79.01,15.9
p1,1764327122.7589,2.112,-62.78,-77.41,14.47
p1,1764327122.7839,1.885,-62.2,-77.46,15.13
p1,1764327122.7844,-7.6,-62.11,-79.01,16.81
p1,1764327122.9221,-1.834,-64.51,-78.05,13.35
p1,1764327122.9474,-3.922,-59.21,-77.79,18.52
p1,1764327122.9486,-7.092,-58.68,-78.86,20.13
p1,1764327123.0286,2.323,-63.42,-77.44,13.84
p1,1764327123.0296,6.372,-63.67,-79.59,15.8
p1,1764327123.0571,6.814,-71.3,-78.88,6.738
p1,1764327123.1116,6.635,-67.23,-79.43,11.92
p1,1764327123.1119,-4.247,-67.39,-77.63,9.806
p1,1764327123.1384,-4.038,-68.42,-77.29,8.272
p1,1764327123.1399,5.437,-69.55,-78.67,8.544
p1,1764327123.1669,-4.3,-70.8,-77.81,6.043
p1,1764327123.1939,-4.715,-59.08,-77.66,18.52
p1,1764327123.1946,-4.726,-59.49,-78.75,19.21
p1,1764327123.2194,-7.149,-65.42,-79.24,13.63
p1,1764327123.2199,2.312,-65.84,-78.17,12.07
p1,1764327123.3241,-5.554,-63.3,-77.59,14.12
p1,1764327123.3244,-7.145,-61.49,-79.13,17.56
p1,1764327123.3766,5.926,-66.91,-79.08,11.9
p1,1764327123.3776,3.992,-64.56,-77.74,12.97
p1,1764327123.4051,5.254,-56.39,-77.41,20.99
p1,1764327123.4059,-5.921,-55.98,-78.68,22.67
p1,1764327123.4306,4.658,-69.9,-78.84,8.342
p1,1764327123.4321,1.967,-68.08,-77.14,8.486
p1,1764327123.5126,-5.201,-68.92,-78.95,9.576
p1,1764327123.5134,1.967,-68.9,-77.61,8.078
p1,1764327123.5986,6.038,-71.03,-78.29,6.366
p1,1764327123.6319,-4.273,-71.68,-78.84,6.236
p1,1764327123.6624,5.432,-67.24,-79.25,11.73
p1,1764327123.6636,5.719,-66.53,-78.27,11.44
p1,1764327123.7691,6.291,-71.66,-78.87,6.294
p1,1764327123.7701,3.871,-70.22,-77.54,6.431
p1,1764327123.8051,2.726,-60.35,-77.41,16.97
p1,1764327123.8069,-7.475,-59.61,-78.65,18.98
p1,1764327123.8811,1.187,-64.65,-77.63,12.76
p1,1764327123.8814,7.914,-60.55,-79.5,18.9
p1,1764327123.9211,-7.6,-66.36,-78.95,12.34
p1,1764327123.9219,1.932,-66.16,-77.49,10.99
p1,1764327123.9606,-1.648,-58.03,-77.73,19.65
p1,1764327123.9614,7.085,-57.82,-78.84,20.98
p1,1764327124.0434,-1.709,-61.03,-77.47,16.34
p1,1764327124.0446,7.976,-61.35,-79.3,17.88
p1,1764327124.0879,3.864,-64.81,-79.1,14.13
p1,1764327124.1329,-3.649,-54.35,-77.65,23.27
p1,1764327124.1331,3.758,-55.1,-79.18,24.06
p1,1764327124.1791,-6.296,-64.7,-79.25,14.4
p1,1764327124.1801,-5.405,-68.07,-77.59,9.01
p1,1764327124.2251,-2.028,-63.46,-78.03,14.41
p1,1764327124.2741,3.858,-61.95,-79.35,17.32
p1,1764327124.2746,3.954,-61.44,-77.62,16.07
p1,1764327124.3216,-5.215,-55.77,-77.64,21.84
p1,1764327124.3219,-7.095,-54.96,-78.96,23.98
p1,1764327124.3714,-2.459,-69.64,-77.44,7.013
p1,1764327124.3719,-4.75,-70.06,-79.24,8.618
p1,1764327124.4191,-7.05,-62.12,-79.05,16.84
p1,1764327124.6034,-6.299,-53.67,-79.23,25.55
p1,1764327124.6046,-5.406,-53.6,-77.6,23.98
p1,1764327124.6499,-3.914,-64.74,-79.48,14.59
p1,1764327124.6514,-3.998,-65.11,-77.45,12.08
p1,1764327124.6949,4.806,-67.61,-79.03,11.1
p1,1764327124.6954,3.59,-66.14,-77.84,11.39
p1,1764327124.7884,6.634,-64.33,-78.79,14.3
p1,1764327124.8774,1.927,-65.64,-77.96,12.06
p1,1764327124.8791,6.994,-65.59,-79.12,13.33
p1,1764327125.0634,1.908,-69.99,-78.21,7.511
p1,1764327125.0646,6.67,-70.21,-79.82,9.104
p1,1764327125.5229,5.542,-65.29,-77.93,12.4
p1,1764327125.5239,-7.046,-63.43,-80.32,16.8
p1,1764327126.3674,-2.285,-67.26,-77.33,9.613
p1,1764327126.3689,-4.878,-67.62,-78.72,10.75
p1,1764327126.5799,1.931,-66.85,-77.89,10.68
p1,1764327126.5819,6.712,-65.92,-79.23,13.1
p1,1764327126.8371,-3.43,-67.43,-77.77,9.922
p1,1764327126.8379,7.073,-66.41,-80.08,13.47
p1,1764327126.9631,1.995,-68.53,-77.69,8.6
p1,1764327127.0881,1.845,-70.17,-77.29,6.178
p1,1764327127.0896,-5.122,-71.02,-78.75,6.922
p1,1764327127.6001,-7.332,-70.61,-78.52,7.138
p1,1764327127.6411,-5.579,-70.56,-77.54,6.006
p1,1764327127.6426,7.47,-69.11,-78.92,9.329
p1,1764327127.8146,-5.639,-68.12,-77.86,9.25
p1,1764327127.8579,2.124,-65.51,-77.66,11.88
p1,1764327127.8581,3.832,-65.56,-78.9,13.13
p1,1764327127.9006,3.119,-70.57,-78.18,6.777
p1,1764327127.9429,2.451,-69.3,-77.27,7.206
p1,1764327127.9434,-7.6,-68.26,-78.82,10.17
p1,1764327128.1926,4.702,-68.8,-78.29,8.97
p1,1764327128.2769,4.731,-71.09,-79.15,7.323
p1,1764327128.2786,-5.756,-70.6,-77.85,6.336
p1,1764327128.4061,3.448,-49.97,-75.51,25.53
p1,1764327128.4281,3.451,-51.05,-76.68,25.62
p1,1764327128.5454,3.45,-48.99,-77.36,28.36
p1,1764327128.6771,3.446,-55.2,-77.74,22.51
p1,1764327129.4618,4.225,-67.86,-78.11,9.81
p1,1764327129.4626,-5.818,-68.29,-79.24,10.58
p1,1764327129.5031,2.223,-69.04,-78.07,8.458
p1,1764327129.5036,-6.641,-69.18,-78.88,9.201
p1,1764327129.5923,-4.866,-62.77,-77.45,14.53
p1,1764327129.5931,-5.03,-62.74,-78.6,15.75
p1,1764327129.7723,2.954,-65.78,-77.68,11.61
p1,1764327129.7726,-4.617,-65.71,-79.57,13.69
p1,1764327129.8191,-6.774,-71.29,-79.16,7.087
p1,1764327129.9524,4.107,-71.09,-79.7,7.976
p1,1764327129.9531,4.141,-70.32,-78.2,7.107
p1,1764327129.9986,-5.519,-71.23,-78.62,6.516
p1,1764327132.2811,6.463,-70.07,-78.83,8.135
p1,1764327132.5149,5.957,-68.03,-78.84,10.44
p1,1764327132.5151,1.942,-68.41,-77.59,8.626
p1,1764327138.5056,3.445,-50.18,-77.14,26.95
p1,1764327138.5276,3.449,-49.7,-77.44,27.73
p1,1764327138.6449,3.445,-52.42,-77.18,24.74
p1,1764327138.7766,3.451,-43.52,-76.43,32.91
C,1764327140.004,4,0
p1,1764327148.6051,3.447,-37.19,-74.09,36.9
p1,1764327148.6271,3.451,-36.48,-70.54,34.06
p1,1764327148.7444,3.449,-39.45,-67.37,27.92
p1,1764327148.8761,3.45,-32.84,-69.57,36.74
p1,1764327158.7046,3.446,-26.11,-58.75,32.64
p1,1764327158.7266,3.45,-25.97,-55.43,29.45
p1,1764327158.8436,3.445,-25.14,-57.57,32.42
p1,1764327158.9756,3.448,-25.83,-56.12,30.28
C,1764327160.004,5,0
p1,1764327167.4936,-5.677,-66.76,-79.15,12.13
p1,1764327167.4939,5.6,-66.32,-77.68,11.03
p1,1764327167.6188,4.722,-58.1,-77.78,19.64
p1,1764327167.6946,5.526,-69.89,-79.36,8.95
p1,1764327167.8581,-4.789,-57.21,-79.58,22.35
p1,1764327167.8591,-4.723,-57.54,-77.83,20.25
p1,1764327167.8806,4.694,-71.53,-79.09,6.72
p1,1764327167.9236,-5.06,-59.27,-77.91,18.58
p1,1764327167.9241,-6.127,-59.52,-78.79,19.22
p1,1764327167.9833,-3.158,-63.21,-77.45,14.08
p1,1764327167.9836,5.459,-63.81,-79.27,15.34
p1,1764327167.9998,-7.535,-70.38,-79.37,8.409
p1,1764327168.0018,-4.645,-69.81,-77.23,6.554
p1,1764327168.1566,-7.397,-72.01,-79.17,6.226
p1,1764327168.2948,-3.697,-61.77,-77.87,15.99
p1,1764327168.2956,-7.097,-61.47,-79.11,17.57
p1,1764327168.5628,5.604,-69.19,-78.87,9.187
p1,1764327168.8039,3.442,-24.43,-52.61,28.17
p1,1764327168.8258,3.446,-24.35,-54.45,30.09
p1,1764327168.9431,3.445,-24.24,-62.08,37.84
p1,1764327168.9931,-7.587,-62.4,-79.54,17.05
p1,1764327169.0436,4.266,-57.9,-78.97,21.04
p1,1764327169.0446,1.822,-57.69,-77.29,19.55
p1,1764327169.0748,3.444,-24.17,-54.33,30.15
p1,1764327169.0933,-7.094,-71.22,-78.85,6.808
p1,1764327169.1353,-6.315,-61.98,-79.19,17.13
p1,1764327169.1366,2.335,-62.37,-78.12,15.64
p1,1764327169.1776,4.364,-54.12,-78.04,23.9
p1,1764327169.1784,4.365,-54.23,-79.32,25.07
p1,1764327169.2833,7.577,-68.81,-79.27,10.05
p1,1764327169.2836,-2.221,-69.71,-77.5,7.005
p1,1764327169.3781,-5.445,-69.28,-78.24,8.369
p1,1764327169.4356,1.951,-64.49,-77.43,12.71
p1,1764327169.4376,-7.122,-64.72,-79.52,14.66
p1,1764327169.4966,-4.598,-52.86,-77.2,24.33
p1,1764327169.4973,-4.748,-52.99,-78.64,25.63
p1,1764327169.5556,4.734,-63.66,-78.34,14.54
p1,1764327169.5571,-5.856,-63.4,-79.69,16.19
p1,1764327169.6754,-6.888,-66.27,-79.49,13.01
p1,1764327169.7151,-6.817,-68.27,-78.86,10.19
p1,1764327169.7318,1.909,-64.42,-77.47,12.83
p1,1764327169.7338,7.493,-64.64,-79.06,14.25
p1,1764327169.7606,5.933,-64.25,-78.78,14.37
p1,1764327169.7608,4.781,-64.69,-77.7,12.79
p1,1764327169.8208,1.873,-68.48,-76.29,7.019
p1,1764327169.8211,4.278,-68.04,-77.16,8.552
p1,1764327169.8496,2.286,-64.97,-77.29,12.06
p1,1764327169.8513,-5.849,-64.64,-78.72,13.91
p1,1764327169.9666,1.939,-69.38,-78.4,8.435
p1,1764327169.9676,3.553,-70.01,-79.95,9.474
p1,1764327170.2556,1.902,-66.31,-77.57,10.92
p1,1764327170.5966,-4.614,-69.73,-77.05,6.436
p1,1764327170.6118,1.907,-68.45,-75.71,6.355
p1,1764327170.7091,-5.72,-69.26,-77.87,7.967
p1,1764327170.7094,-4.686,-69.03,-78.46,8.91
p1,1764327170.8781,-5.522,-69.63,-79.41,9.296
p1,1764327170.8791,-5.598,-70.15,-77.39,6.339
p1,1764327170.9071,-4.525,-71.37,-78.78,6.531
p1,1764327170.9079,4.363,-70.37,-77.89,6.678
p1,1764327171.1413,4.615,-69.53,-77.6,7.33
p1,1764327171.3153,3.773,-68.39,-77.62,8.678
p1,1764327171.3158,-6.209,-67.99,-78.75,10.39
p1,1764327171.4038,1.979,-68.53,-77.93,8.868
p1,1764327171.4333,4.706,-67.4,-78.78,11.04
p1,1764327171.4344,4.344,-67.5,-76.81,8.77
p1,1764327171.4901,1.884,-70.8,-77.92,6.175
p1,1764327171.4903,-6.728,-71.55,-79.22,6.852
p1,1764327171.5206,4.011,-67.53,-77.83,9.871
p1,1764327171.5219,-3.961,-68.14,-78.59,10.03
p1,1764327171.6634,-5.812,-66.81,-79.19,12.13
p1,1764327171.6649,3.546,-67.54,-77.27,9.233
p1,1764327171.7696,-6.983,-65.39,-79.17,13.59
p1,1764327171.8021,5.463,-69.35,-78.75,8.871
p1,1764327171.8043,3.075,-68.7,-76.67,7.209
p1,1764327171.9741,6.306,-64.74,-78.34,13.4
p1,1764327172.1119,5.531,-69.84,-78.75,8.314
p1,1764327172.1129,1.709,-69.7,-77.32,6.796
p1,1764327172.1818,-3.57,-58.82,-77.04,18.16
p1,1764327172.1836,-4.32,-58.72,-77.92,19.15
p1,1764327172.2869,-7.513,-65.74,-78.59,12.62
p1,1764327172.2874,4.998,-65.95,-77.42,11.15
p1,1764327172.3576,2.002,-68.44,-77.43,8.41
p1,1764327172.3911,5.881,-58.68,-78.28,19.55
p1,1764327172.3928,3.908,-58.58,-77.26,18.62
p1,1764327172.5314,3.473,-63.89,-77.56,13.47
p1,1764327172.5324,-5.413,-64.15,-78.63,14.33
p1,1764327172.6008,-5.438,-58.03,-78.45,20.38
p1,1764327172.6016,-2.096,-58.03,-77.44,19.37
p1,1764327172.6366,6.81,-63.85,-78.19,14.18
p1,1764327172.7448,4.532,-62.71,-77.24,14.38
p1,1764327172.7461,5.917,-62.4,-78.38,15.87
p1,1764327172.8529,-2.626,-71.05,-78.04,6.028
p1,1764327172.8536,-5.976,-69.89,-78.8,8.305
p1,1764327172.9988,3.907,-64.5,-78.26,13.58
p1,1764327172.9991,3.912,-64.44,-79.05,14.46
p1,1764327173.0339,5.514,-61.72,-78.75,16.94
p1,1764327173.0356,3.536,-61.62,-77.35,15.61
p1,1764327173.1066,-4.415,-65.46,-79.41,13.77
p1,1764327173.1076,1.849,-64.97,-77.78,12.57
p1,1764327173.1418,4.24,-64.65,-78.51,13.67
p1,1764327173.1426,4.465,-64.88,-77.22,12.08
p1,1764327173.1783,6.368,-63.13,-79.05,15.8
p1,1764327173.1791,-2.112,-63.3,-77.55,14.09
p1,1764327173.3246,1.944,-63.48,-76.8,13.11
p1,1764327173.3263,-3.924,-63.33,-78.79,15.33
p1,1764327173.3561,-5.605,-70.49,-78.45,7.198
p1,1764327173.3996,-4.441,-67.6,-78.27,10.28
p1,1764327173.4006,5.461,-68.42,-77.13,8.083
p1,1764327173.4781,-3.09,-59.99,-77.34,17.27
p1,1764327173.5136,2.038,-66.52,-77.09,10.16
p1,1764327173.5146,-7.43,-65.78,-78.48,12.46
p1,1764327173.5521,2.275,-63.53,-77.46,13.75
p1,1764327173.5531,6.654,-63.7,-79.04,15.21
p1,1764327173.6309,5.062,-69.29,-77.79,7.833
p1,1764327173.7083,-5.063,-67.04,-77.72,10.29
p1,1764327173.7086,-5.14,-66.64,-79.34,12.46
p1,1764327173.7463,1.967,-66.13,-77.54,11.08
p1,1764327173.7466,-5.49,-66.46,-78.92,12.2
p1,1764327173.8251,2.51,-68.9,-78.22,8.77
p1,1764327173.9381,1.905,-60.34,-77.82,17.4
p1,1764327173.9388,-4.257,-60.65,-78.65,17.93
p1,1764327173.9771,-5.05,-68.6,-78.91,9.883
p1,1764327173.9786,1.951,-67.44,-77.07,9.137
p1,1764327174.0166,5.75,-65.8,-77.76,11.67
p1,1764327174.0181,-5.899,-65.35,-79.21,13.68
p1,1764327174.1741,-4.315,-70.06,-77.63,6.739
p1,1764327174.2548,-5.49,-63.27,-78.1,14.69
p1,1764327174.2553,-5.701,-63.53,-76.54,12.79
p1,1764327174.3371,5.557,-70.34,-78.81,7.804
p1,1764327174.3766,6.412,-70.81,-78.27,6.598
p1,1764327174.4161,-2.595,-61.41,-77.71,16.2
p1,1764327174.4573,-6.901,-70.82,-78.4,6.749
p1,1764327174.6589,2.446,-61.86,-77.07,15.08
p1,1764327174.6594,6.335,-62.06,-78.8,16.65
p1,1764327174.6751,-5.737,-72.01,-79.01,6.035
p1,1764327174.7381,1.907,-65.07,-77.12,11.78
p1,1764327174.7398,-6.642,-64.89,-78.2,13.1
p1,1764327174.8196,-4.402,-69.43,-77.61,7.465
p1,1764327174.8203,-5.336,-70.14,-78.69,7.896
p1,1764327174.8483,4.385,-68.76,-78.7,9.477
p1,1764327174.8486,4.306,-68.45,-77.17,8.094
p1,1764327174.9451,5.54,-68.69,-77.54,8.241
p1,1764327174.9458,5.459,-69.27,-78.66,8.858
p1,1764327175.0771,-5.496,-67.3,-79.58,12.02
p1,1764327175.2371,-7.618,-62.39,-78.98,16.49
p1,1764327175.2641,-5.004,-70.49,-77.59,6.153
p1,1764327175.2648,-4.859,-70.81,-78.14,6.436
p1,1764327175.3053,4.841,-54.38,-77.37,22.97
p1,1764327175.3058,4.876,-54.25,-77.08,22.81
p1,1764327175.3364,6.285,-68.57,-79.33,10.38
p1,1764327175.3378,-5.436,-68.05,-77.63,9.079
p1,1764327175.3521,7.438,-68.5,-79.53,10.67
p1,1764327175.3538,1.881,-68.52,-78.16,9.138
p1,1764327175.3693,-5.063,-65.39,-78.79,13.2
p1,1764327175.3696,2.255,-65.52,-77.87,12.09
p1,1764327175.4015,-7.265,-65.33,-78.42,12.87
p1,1764327175.4032,-2.739,-65.12,-77.2,11.8
p1,1764327175.4161,-7.173,-68.84,-78.46,9.122
p1,1764327175.4308,7.58,-60.12,-78.7,18.52
p1,1764327175.4313,5.58,-60.26,-77.35,17.01
p1,1764327175.4578,-4.66,-57.74,-77.49,19.71
p1,1764327175.4591,-4.324,-57.93,-78.79,20.83
p1,1764327175.4813,4.9,-66.42,-77.47,10.7
p1,1764327175.4816,4.954,-65.74,-76.68,10.58
p1,1764327175.5178,-5.149,-67.5,-76.92,8.895
p1,1764327175.5453,4.444,-70.17,-77.83,6.852
p1,1764327175.5456,-3.518,-69.41,-77.04,6.805
p1,1764327175.6043,3.973,-56.5,-75.17,18.6
p1,1764327175.6056,3.886,-56.53,-75,18.41
p1,1764327175.6338,3.916,-67.26,-77.58,9.899
p1,1764327175.6341,-3.895,-66.67,-78.77,11.82
p1,1764327175.6648,-3.132,-55.62,-77.25,21.6
p1,1764327175.6926,4.095,-59.96,-77.41,17.37
p1,1764327175.7564,-7.103,-71.96,-79.1,6.207
p1,1764327175.7726,6.61,-63.15,-78.65,15.37
p1,1764327175.8043,5.886,-68.26,-78.41,9.705
p1,1764327175.8056,5.915,-68.06,-77.29,8.678
p1,1764327175.8501,4.77,-62.31,-77.63,15.19
p1,1764327175.8511,-6.329,-61.99,-79.07,17
p1,1764327175.8811,-7.406,-63.03,-78.32,15.16
p1,1764327175.8821,1.929,-63.49,-77.02,13.34
p1,1764327175.9133,-2.887,-66.11,-77.82,11.41
p1,1764327175.9141,-6.811,-65.72,-78.85,12.92
p1,1764327175.9771,-3.657,-55.43,-76.96,21.5
p1,1764327175.9778,7.535,-55.6,-78.22,22.59
p1,1764327175.9936,5.124,-54.98,-78.22,23.22
p1,1764327176.0231,7.103,-69.8,-78.38,7.929
p1,1764327176.0391,-7.445,-58.57,-78.43,19.82
p1,1764327176.0393,1.847,-58.51,-77.36,18.8
p1,1764327176.0718,-6.135,-66.27,-75.74,8.95
p1,1764327176.0806,4.625,-66.23,-74.19,7.203
p1,1764327176.1028,-5.491,-69.38,-77.73,7.659
p1,1764327176.1376,1.921,-65.1,-77.48,12.13
p1,1764327176.1386,-4.075,-65.37,-77.6,11.97
p1,1764327176.2011,-5.028,-59.84,-77.6,17.69
p1,1764327176.2636,1.977,-67.82,-77.53,9.222
p1,1764327176.2646,-7.27,-66.8,-78.36,11.25
p1,1764327176.3618,6.183,-70.48,-78.91,7.749
p1,1764327176.3916,7.6,-70.04,-78.84,8.179
p1,1764327176.4256,5.951,-70.14,-78.15,7.259
p1,1764327176.4563,4.651,-61.51,-77.64,16.03
p1,1764327176.4578,6.656,-61.6,-78.73,17.04
p1,1764327176.4891,-3.113,-55.13,-77.49,22.33
p1,1764327176.4903,-4.386,-54.98,-78.24,23.24
p1,1764327176.5201,5.553,-60.74,-78.4,17.59
p1,1764327176.5351,-1.919,-66.68,-77.48,10.42
p1,1764327176.5536,5.079,-70.24,-77.51,6.378
p1,1764327176.5858,-2.919,-58.72,-75.67,16.86
p1,1764327176.5863,5.496,-58.56,-76.09,17.46
p1,1764327176.6053,-4.395,-66.87,-77.1,9.803
p1,1764327176.6073,-4.332,-66.91,-77.61,10.32
p1,1764327176.6821,5.21,-54.92,-78.96,24.02
p1,1764327176.6831,5.188,-54.9,-77.06,22.14
p1,1764327176.7473,6.873,-65.52,-79.16,13.45
p1,1764327176.7478,5.52,-66.14,-77.59,11.12
p1,1764327176.8116,-4.739,-60.46,-77.93,17.39
p1,1764327176.8118,-4.766,-60.66,-76.96,16.19
p1,1764327176.8808,6.339,-61.82,-78.48,16.57
p1,1764327176.8813,1.888,-62.15,-77.33,15.04
p1,1764327176.9091,6.323,-62.43,-79.39,16.88
p1,1764327176.9438,-4.304,-58.6,-77.53,18.87
p1,1764327176.9456,4.452,-58.66,-77.25,18.53
p1,1764327177.0383,-7.115,-68.81,-77.53,8.099
p1,1764327177.0401,1.919,-69.43,-76.45,6.056
p1,1764327177.0801,4.669,-65.62,-78.44,12.59
p1,1764327177.0808,-2.29,-65.46,-76.63,10.83
p1,1764327177.1041,-5.73,-61.22,-78.4,17.09
p1,1764327177.1058,1.967,-61.27,-77.5,16.13
p1,1764327177.1469,-5.151,-58.5,-76.39,17.82
p1,1764327177.1481,6.292,-58.35,-76.99,18.58
p1,1764327177.1631,7.805,-57.16,-78.72,21.53
p1,1764327177.1639,1.917,-57.63,-77.33,19.65
p1,1764327177.1793,7.591,-60.95,-78.86,17.83
p1,1764327177.1801,4.047,-61.31,-77.33,15.91
p1,1764327177.2123,-6.282,-52.45,-78.11,25.64
p1,1764327177.2136,-4.452,-52.61,-77.52,24.89
p1,1764327177.2411,-7.399,-57.54,-77.13,19.55
p1,1764327177.2416,3.028,-57.5,-76.47,18.92
p1,1764327177.2911,1.882,-63.2,-77.42,14.05
p1,1764327177.2921,-7.159,-62.86,-78.55,15.57
p1,1764327177.3166,4.328,-62.03,-77.51,15.35
p1,1764327177.3171,3.906,-63.62,-79.22,15.48
p1,1764327177.3406,-5.524,-55.3,-78.78,23.47
p1,1764327177.3414,-3.824,-55.16,-77.92,22.73
p1,1764327177.3786,-6.723,-65.83,-78.26,12.17
p1,1764327177.3788,1.907,-66.12,-76.75,10.24
p1,1764327177.4118,-1.912,-59.49,-77.22,17.66
p1,1764327177.4123,-6.691,-59.07,-79.47,20.36
p1,1764327177.5303,-7.452,-61.02,-78.44,17.33
p1,1764327177.6038,-5.099,-64.03,-78.75,14.58
p1,1764327177.6056,-3.074,-62.99,-77.53,14.39
p1,1764327177.6301,6.223,-66.29,-78.6,12.06
p1,1764327177.6311,-4.319,-66.72,-77.41,10.3
p1,1764327177.6556,-7.071,-64.82,-78.88,13.88
p1,1764327177.6566,4.275,-65.05,-77.74,12.45
p1,1764327177.6836,4.317,-64.21,-78.6,14.23
p1,1764327177.7091,-7.103,-68.72,-78.67,9.484
p1,1764327177.7101,2.322,-69.4,-76.94,6.704
p1,1764327177.7384,-4.426,-63.79,-78.83,14.9
p1,1764327177.7394,-3.364,-63.12,-77.8,14.53
p1,1764327177.7674,-3.905,-54.92,-70.89,15.85
p1,1764327177.7681,-4.147,-55.9,-71.23,15.2
p1,1764327177.7966,-5.905,-55.64,-78.52,22.85
p1,1764327177.7984,2.912,-55.34,-77.85,22.48
p1,1764327177.8124,7.417,-69.19,-78.11,8.331
p1,1764327177.8134,-5.478,-69.18,-77.37,7.474
p1,1764327177.8586,5.488,-65.52,-76.91,11.06
p1,1764327177.8588,3.509,-65.7,-75.76,9.615
p1,1764327177.8881,5.073,-60.44,-77.38,16.85
p1,1764327177.8883,5.926,-61,-78.68,17.6
p1,1764327177.9516,3.772,-69.22,-77.34,7.4
p1,1764327177.9531,3.914,-70.32,-78.93,7.957
p1,1764327177.9856,3.457,-63.02,-77.38,14.19
p1,1764327177.9863,5.171,-63.37,-77.18,13.63
p1,1764327178.0611,-6.8,-71.49,-78.76,6.376
p1,1764327178.0911,-4.376,-59.57,-73.16,13.39
p1,1764327178.0921,-4.441,-59.91,-73.35,13.24
p1,1764327178.1483,-5.152,-56.58,-78.76,22.16
p1,1764327178.1493,5.443,-56.54,-77.45,20.87
p1,1764327178.1736,-2.186,-55.55,-77.54,21.96
p1,1764327178.1738,7.509,-55.1,-79.19,24.07
p1,1764327178.1921,-2.341,-62.42,-78.05,15.51
p1,1764327178.1936,4.278,-62.5,-79.11,16.52
p1,1764327178.2168,6.111,-67.13,-78.98,11.56
p1,1764327178.2178,-5.955,-67.47,-77.36,9.415
p1,1764327178.2603,-2.605,-61.4,-77.35,15.84
p1,1764327178.2613,7.113,-61.15,-78.67,17.44
p1,1764327178.3058,2.671,-58.64,-77.41,18.71
p1,1764327178.3073,5.067,-58.49,-79.58,21.06
p1,1764327178.3501,3.991,-64.47,-78.75,14.12
p1,1764327178.3503,3.971,-62.18,-77.43,15.12
p1,1764327178.4326,1.873,-58.67,-68.25,9.08
p1,1764327178.4378,2.09,-58.74,-68.19,8.924
p1,1764327178.4398,4.735,-58.94,-68.33,8.863
p1,1764327178.5283,-6.576,-70.9,-79.13,7.524
p1,1764327178.5743,1.956,-69.03,-77.64,7.964
p1,1764327178.6236,5.262,-53.98,-79.44,25.45
p1,1764327178.7203,3.104,-54.7,-77.88,23.16
p1,1764327178.7211,3.902,-54.83,-78.92,24.07
p1,1764327178.8131,6.294,-70.62,-77.76,6.206
p1,1764327178.9033,3.443,-20.79,-53.15,32.36
p1,1764327178.9254,3.447,-20.77,-58.76,37.98
p1,1764327178.9519,5.489,-68.86,-79.23,9.947
G,1764327178,13.069028333,-16.747478333,11.3
p1,1764327178.9993,-7.198,-69.99,-78.59,7.961
p1,1764327179.0261,-5.564,-66.41,-78.56,11.88
p1,1764327179.0266,-5.387,-66.6,-77.63,10.67
p1,1764327179.0426,3.446,-20.7,-58.75,38.04
p1,1764327179.0931,-3.528,-67.32,-77.59,9.845
p1,1764327179.0943,-4.306,-67.51,-78.57,10.71
p1,1764327179.1401,-1.855,-67.78,-77.31,9.015
p1,1764327179.1406,-4.786,-68.5,-78.08,9.068
p1,1764327179.1744,3.445,-20.59,-55.64,35.05
p1,1764327179.2371,-5.146,-66.29,-75.4,8.54
p1,1764327179.2388,-2.721,-65.85,-75.11,8.716
p1,1764327179.3841,2.212,-57.76,-76.63,18.82
p1,1764327179.3853,4.401,-57.63,-76.89,19.21
p1,1764327179.4478,-7.033,-72.09,-79.17,6.135
p1,1764327179.5314,5.07,-66.59,-77.54,10.59
p1,1764327179.5316,4.753,-66.9,-79.12,11.94
p1,1764327179.5581,-2.72,-56.99,-78.29,21.26
p1,1764327179.6161,1.837,-70.78,-78.12,6.452
p1,1764327179.6793,-4.73,-70.59,-78.2,6.773
p1,1764327179.7308,2.185,-63.8,-74.92,10.76
p1,1764327179.8451,7.599,-67.15,-78.32,10.83
p1,1764327179.8458,2.27,-67.68,-77.37,9.193
C,1764327180.004,4,0
p1,1764327179.9564,5.589,-67.54,-77.26,9.226
p1,1764327179.9574,7.155,-66.53,-78.41,11.59
p1,1764327180.0096,1.958,-66.73,-76.77,9.587
p1,1764327180.0513,7.236,-56.15,-76.93,20.74
p1,1764327180.0523,1.856,-56.45,-76.46,19.97
p1,1764327180.0898,4.515,-57.56,-77.88,20.28
p1,1764327180.0908,4.319,-58.22,-78.96,20.71
p1,1764327180.1276,1.887,-66.73,-77.29,10.16
p1,1764327180.1936,5.466,-55.98,-77.92,21.9
p1,1764327180.1951,-4.698,-55.97,-78.85,22.86
p1,1764327180.2241,-7.412,-70.66,-78.84,7.462
p1,1764327180.2529,-5.66,-66.54,-79.2,12.41
p1,1764327180.2799,7.413,-65.72,-78.93,13
p1,1764327180.3068,5.876,-53.31,-76.99,23.66
p1,1764327180.3071,2.268,-53.38,-76.37,22.97
p1,1764327180.3329,-6.29,-70.76,-78.59,7.043
p1,1764327180.3591,1.809,-55.54,-76.06,20.48
p1,1764327180.3593,-6.326,-55.41,-76.66,21.21
p1,1764327180.4088,-6.28,-71.07,-78.21,6.211
p1,1764327180.4321,-4.742,-60.96,-77.76,16.71
p1,1764327180.4333,5.558,-60.98,-78.98,17.93
p1,1764327180.4573,1.945,-55.66,-73.73,18
p1,1764327180.4578,3.791,-55.98,-74.9,18.87
p1,1764327180.5046,6.466,-67.98,-78.82,10.46
p1,1764327180.5061,-5.522,-68.88,-77.81,8.333
p1,1764327180.5761,-5.089,-62.39,-79.55,17.08
p1,1764327180.5771,3.543,-62.36,-77.72,15.23
p1,1764327180.6009,5.913,-57.31,-79.48,22.14
p1,1764327180.6016,-5.199,-57.56,-77.12,19.52
p1,1764327180.6249,-4.217,-71.33,-78.81,6.621
p1,1764327180.6728,1.868,-69.27,-77.44,7.449
p1,1764327180.6731,4.658,-69.07,-78.83,9.278
p1,1764327180.7411,5.765,-68.61,-77.89,8.743
p1,1764327180.7419,-5.894,-68.43,-79.2,10.4
p1,1764327180.7621,3.132,-58.41,-78.01,19.55
p1,1764327180.7639,-5.209,-58.48,-79.28,20.76
p1,1764327180.7849,-7.437,-53.38,-76.8,23.41
p1,1764327180.7869,-2.242,-53.34,-76.05,22.68
p1,1764327180.8293,-5.062,-53.64,-78.75,25.1
p1,1764327180.8298,5.08,-53.82,-77.28,23.44
p1,1764327180.8501,6.332,-66.16,-78.72,12.31
p1,1764327180.8513,2.286,-66.68,-77.99,10.98
p1,1764327180.9291,2.254,-69.09,-77.5,7.735
p1,1764327180.9306,-5.968,-68.88,-78.84,9.498
p1,1764327180.9558,6.795,-69.22,-78.78,9.057
p1,1764327180.9778,-5.497,-63.36,-77.47,13.94
p1,1764327180.9986,6.049,-69.96,-79.13,8.604
p1,1764327181.0386,5.314,-61.95,-78.83,16.79
p1,1764327181.0391,5.253,-62.01,-77.16,15.01
p1,1764327181.0581,5.897,-64.28,-77,12.49
p1,1764327181.0594,5.665,-64.57,-78.55,13.8
p1,1764327181.0801,5.881,-62.78,-78.67,15.78
p1,1764327181.0993,6.333,-71.32,-79.13,7.017
p1,1764327181.1384,-3.904,-67.99,-77.92,9.473
p1,1764327181.1401,5.491,-69.56,-78.93,8.837
p1,1764327181.1921,4.71,-61.98,-78.09,16
p1,1764327181.1924,1.917,-62.11,-77.61,15.37
p1,1764327181.2586,1.917,-62.27,-78.43,16.05
p1,1764327181.2591,6.182,-62.12,-78.79,16.58
p1,1764327181.2796,3.905,-66.8,-77.88,10.72
p1,1764327181.2804,6.158,-66.05,-78.76,12.46
p1,1764327181.2998,3.665,-70.85,-79.08,7.531
p1,1764327181.3396,-5.912,-64.9,-78.87,13.8
p1,1764327181.3401,1.879,-64.71,-77.87,12.94
p1,1764327181.3586,5.1,-63.87,-76.63,12.53
p1,1764327181.4983,1.891,-68.55,-77.39,8.226
p1,1764327181.5001,-4.693,-68.86,-78.88,9.559
p1,1764327181.5393,1.952,-66.5,-76.33,9.346
p1,1764327181.5396,-4.79,-67.29,-77.67,9.96
p1,1764327181.5598,1.875,-69.52,-76.9,6.503
p1,1764327181.6606,-5.453,-59.65,-77.3,17.58
p1,1764327181.6613,3.89,-59.33,-78.01,18.62
p1,1764327181.6978,-5.504,-65.53,-77.5,11.68
p1,1764327181.7551,-4.279,-62.39,-77.67,15.15
p1,1764327181.8548,3.859,-69.64,-78.7,8.482
p1,1764327181.8551,2.88,-69.14,-77.07,7.171
p1,1764327181.9126,-3.939,-63.84,-78.95,14.98
p1,1764327181.9321,-2.787,-69.19,-77.24,7.312
p1,1764327181.9323,-5.599,-69.61,-78.66,8.471
p1,1764327181.9741,-2.124,-66.57,-77.82,10.91
p1,1764327181.9743,7.087,-67.26,-78.96,11.4
p1,1764327181.9946,-5.297,-63.41,-77.73,14.16
p1,1764327181.9953,-6.236,-63.18,-79.21,15.92
p1,1764327182.0591,3.941,-69.24,-79.54,9.882
p1,1764327182.0609,2.19,-69.84,-78.05,7.502
p1,1764327182.1439,-5.513,-71.05,-78.8,6.955
p1,1764327182.1654,6.283,-62.37,-78.51,16.04
p1,1764327182.1659,1.313,-62.43,-77.13,14.55
p1,1764327182.1861,-3.827,-64.04,-77.68,13.45
p1,1764327182.2648,-7.512,-65.17,-79.38,14.04
p1,1764327182.2661,3.342,-65.25,-77.83,12.33
p1,1764327182.2871,-7.453,-68.27,-79.52,10.91
p1,1764327182.3163,-4.299,-66.57,-76.96,9.97
p1,1764327182.3446,-7.614,-69.29,-78.33,8.46
p1,1764327182.3638,3.108,-68.35,-75.62,6.375
p1,1764327182.3641,7.498,-68.85,-76.02,6.249
p1,1764327182.4031,5.904,-54.8,-78.35,23.53
p1,1764327182.4043,2.009,-54.86,-77.22,22.34
p1,1764327182.4608,-5.874,-69.9,-78.46,7.901
p1,1764327182.4613,-5.068,-69.15,-77.06,7.146
p1,1764327182.4791,-4.267,-68.85,-78.64,9.308
p1,1764327182.4803,-3.147,-68.2,-77.39,8.636
p1,1764327182.4973,-5.449,-59.05,-77.57,18.46
p1,1764327182.4983,-6.257,-58.59,-78.73,20.09
p1,1764327182.5173,1.926,-57.59,-77.34,19.71
p1,1764327182.5891,-3.129,-66.8,-77.26,10.05
p1,1764327182.5898,-5.936,-66.28,-78.55,12
p1,1764327182.6236,-3.511,-55.47,-77.64,22.14
p1,1764327182.6418,2.6,-66.82,-78.01,10.85
p1,1764327182.6428,-7.53,-66.55,-79.31,12.53
p1,1764327182.6604,2.306,-63.69,-77.78,13.92
p1,1764327182.6611,6.738,-63.25,-79.02,15.66
p1,1764327182.6949,-6.437,-66.79,-78.8,11.72
p1,1764327182.6961,1.971,-66.55,-77.63,10.73
p1,1764327182.7306,1.91,-59.88,-76.59,16.62
p1,1764327182.7311,-6.432,-59.72,-78.12,18.34
p1,1764327182.7671,5.517,-67.19,-79.25,11.78
p1,1764327182.7681,1.914,-66.92,-78.56,11.33
p1,1764327182.7833,-6.696,-60.26,-76.62,16.25
p1,1764327182.7841,5.655,-60.41,-75.59,15.05
p1,1764327182.8188,6.796,-71.63,-79.34,6.906
p1,1764327182.8358,-6.368,-55.51,-79.75,24.23
p1,1764327182.8543,1.851,-70.27,-77.64,6.494
p1,1764327182.8546,5.361,-70.05,-79.04,8.395
p1,1764327182.8886,6.709,-67.43,-77.92,10.08
p1,1764327182.8888,3.93,-68,-77.01,8.431
p1,1764327182.9208,6.31,-67.48,-78.41,10.56
p1,1764327182.9213,-5.118,-66.51,-77.79,10.94
p1,1764327182.9379,7.042,-72.2,-79.31,6.18
p1,1764327182.9551,7.799,-59.66,-79.38,19.68
p1,1764327182.9564,-1.723,-60.04,-77.29,17.17
p1,1764327182.9896,-4.451,-57.33,-77.87,20.51
p1,1764327183.0206,6.355,-61.13,-79.25,18.05
p1,1764327183.0211,5.396,-61.93,-77.38,15.32
p1,1764327183.0533,4.677,-63.94,-79.08,15
p1,1764327183.0541,4.527,-64.17,-77.3,12.91
p1,1764327183.0861,5.625,-62.77,-77.57,14.65
p1,1764327183.0871,-7.811,-63.22,-79.11,15.77
p1,1764327183.1516,7.647,-71.05,-79.19,7.416
p1,1764327183.1666,5.578,-71.63,-78.9,6.374
p1,1764327183.1838,-3.509,-62.95,-77.31,14.19
p1,1764327183.2138,-5.487,-62.45,-78.73,16.18
p1,1764327183.2153,-5.6,-62.87,-77.55,14.53
p1,1764327183.2783,-5.559,-71.36,-78.46,6.152
p1,1764327183.3091,4.107,-63.01,-77.1,13.92
p1,1764327183.3388,-7.6,-69.75,-78.73,8.392
p1,1764327183.3538,-4.288,-59.27,-78.74,19.43
p1,1764327183.3546,4.493,-58.91,-77.26,18.28
p1,1764327183.3994,-3.854,-55.56,-78.89,23.31
p1,1764327183.4014,-5.03,-55.21,-77.37,22.13
p1,1764327183.4153,6.708,-56.63,-78.86,22.21
p1,1764327183.4168,-1.98,-56.86,-77.21,20.31
p1,1764327183.4303,5.503,-64.22,-77.02,12.57
p1,1764327183.4321,4.809,-64.03,-78.09,13.89
p1,1764327183.4643,-6.256,-54.24,-79.04,24.79
p1,1764327183.4646,-5.506,-54.26,-77.25,22.97
p1,1764327183.4793,-6.443,-51.92,-78.58,26.64
p1,1764327183.4801,3.308,-52.02,-77.88,25.85
p1,1764327183.4981,2.279,-53.19,-77.98,24.77
p1,1764327183.5151,-5.988,-59.55,-79.12,19.53
p1,1764327183.5153,1.913,-59.6,-78.1,18.44
p1,1764327183.5311,7.198,-71.27,-78.56,6.394
p1,1764327183.5479,-5.147,-68.62,-78.24,9.122
p1,1764327183.5661,4.299,-50.47,-77.31,26.83
p1,1764327183.5673,-5.018,-50.42,-79.21,28.79
p1,1764327183.5841,-3.228,-55.24,-78.08,22.82
p1,1764327183.5849,5.865,-55.25,-78.84,23.57
p1,1764327183.6021,-2.203,-64.62,-77.49,12.64
p1,1764327183.6031,7.668,-61.12,-78.64,17.45
p1,1764327183.6391,-2.469,-60.62,-77.9,17.2
p1,1764327183.6396,7.865,-60.58,-78.5,17.85
p1,1764327183.6571,-4.191,-64.08,-79.21,14.99
p1,1764327183.6583,5.501,-64.18,-77.82,13.44
p1,1764327183.6749,4.669,-54.01,-77.66,23.63
p1,1764327183.6933,-4.708,-56.53,-77.31,20.75
p1,1764327183.7141,5.837,-60.65,-78.55,17.83
p1,1764327183.7143,4.255,-60.85,-77.16,16.2
p1,1764327183.7313,-6.195,-67.27,-78.94,11.37
p1,1764327183.7336,1.874,-68.24,-77.24,8.411
p1,1764327183.7516,4.365,-64.79,-77.31,12.27
p1,1764327183.7523,6.001,-64.56,-78.78,14.05
p1,1764327183.7901,3.912,-66.97,-77.61,10.24
p1,1764327183.7906,3.955,-67.83,-78.39,10.17
p1,1764327183.8098,1.925,-50.56,-77.51,26.94
p1,1764327183.8111,-4.598,-50.58,-78.46,27.87
p1,1764327183.8301,5.338,-64.22,-77.8,13.39
p1,1764327183.8306,3.901,-64.06,-78.64,14.44
p1,1764327183.8488,-6.773,-52.69,-78.53,25.83
p1,1764327183.8871,5.613,-56.51,-77.38,20.84
p1,1764327183.8881,-5.482,-56.49,-78.75,22.23
p1,1764327183.9049,-4.783,-60.05,-78.58,18.48
p1,1764327183.9051,2.829,-59.33,-77.74,18.35
p1,1764327183.9426,5.6,-56.16,-77.36,21.17
p1,1764327183.9431,7.23,-53.93,-78.7,24.76
p1,1764327183.9618,-5.068,-71.92,-79.03,6.171
p1,1764327183.9786,3.282,-55.12,-77.66,22.51
p1,1764327183.9791,3.835,-55.11,-78.85,23.73
p1,1764327184.0146,4.306,-55,-78.47,23.46
p1,1764327184.0153,-2.782,-55.14,-77.25,22.08
p1,1764327184.0521,5.946,-66.98,-78.97,11.7
p1,1764327184.0523,3.236,-68.18,-78.27,9.643
p1,1764327184.0706,4.283,-53.01,-78.17,25.15
p1,1764327184.0716,-6.979,-53.1,-78.61,25.5
p1,1764327184.0888,-3.882,-65.41,-77.12,11.41
p1,1764327184.0891,-3.935,-64.64,-78.8,13.99
p1,1764327184.1076,5.465,-58.12,-79.16,21
p1,1764327184.1079,5.445,-58.27,-76.88,18.55
p1,1764327184.1266,1.49,-56.56,-77.42,20.83
p1,1764327184.1279,-6.281,-56.49,-78.81,22.3
p1,1764327184.1456,7.28,-65.95,-79.08,12.91
p1,1764327184.1461,4.588,-69.01,-77.42,7.727
p1,1764327184.1651,-7.6,-61.66,-79.06,17.32
p1,1764327184.1658,2.306,-63.84,-77.39,13.35
p1,1764327184.2018,-2.01,-56.83,-77.39,20.52
p1,1764327184.2021,-7.6,-54.75,-78.69,23.92
p1,1764327184.2223,6.185,-63.05,-78.7,15.53
p1,1764327184.2228,5.593,-63.6,-77.34,13.55
p1,1764327184.2418,6.829,-65.07,-78.78,13.52
p1,1764327184.2423,5.079,-66.08,-77.63,11.23
p1,1764327184.2603,5.806,-65.67,-77.3,11.32
p1,1764327184.2608,7.174,-62.94,-78.75,15.69
p1,1764327184.2816,5.6,-66.81,-77.9,10.74
p1,1764327184.2818,-7.462,-64.98,-78.62,13.45
p1,1764327184.3003,-4.698,-60.28,-78.17,17.82
p1,1764327184.3006,-4.646,-60.33,-77.51,17.1
p1,1764327184.3211,-5.889,-51.13,-77.83,26.68
p1,1764327184.3441,-2.739,-69.96,-78,7.307
p1,1764327184.3631,-4.273,-57.69,-78.12,20.39
p1,1764327184.3644,3.299,-56.22,-77.01,20.76
p1,1764327184.3841,-7.487,-66.98,-78.74,11.46
p1,1764327184.3851,-4.995,-68.4,-77.51,8.542
p1,1764327184.4046,-5.227,-60.16,-75.72,15.44
p1,1764327184.4053,-5.121,-60.24,-76.56,16.22
p1,1764327184.4441,3.485,-59.9,-78.15,18.18
p1,1764327184.4443,-7.074,-60.02,-79.37,19.31
p1,1764327184.4843,-6.766,-57.11,-78.71,21.57
p1,1764327184.4851,2.295,-58.12,-77.19,19.01
p1,1764327184.5141,2.005,-68.51,-76.04,6.692
p1,1764327184.5146,6.619,-68.63,-76.25,6.8
p1,1764327184.5663,-4.403,-54.4,-78.18,23.76
p1,1764327184.5668,-4.447,-53.76,-77.3,23.52
p1,1764327184.5851,3.055,-70.33,-77.57,6.335
p1,1764327184.6051,-5.519,-60.47,-78.65,18.12
p1,1764327184.6071,1.783,-60.82,-77.97,17.06
p1,1764327184.6448,7.45,-60.06,-78.94,18.82
p1,1764327184.6458,-2,-61.44,-77.58,16.03
p1,1764327184.6666,-7.067,-62.67,-78.71,15.93
p1,1764327184.6669,3.52,-62.47,-77.46,14.85
p1,1764327184.6849,1.892,-60.81,-77.13,16.22
p1,1764327184.6866,-7.585,-59.85,-79.03,19.13
p1,1764327184.7051,1.856,-64.59,-77.39,12.56
p1,1764327184.7056,3.867,-64.7,-78.59,13.71
p1,1764327184.7263,6.582,-61.35,-76.85,15.38
p1,1764327184.7466,6.301,-64.04,-78.29,14.09
p1,1764327184.7468,1.894,-64.68,-77.86,12.97
p1,1764327184.7648,1.943,-61.72,-78.33,16.51
p1,1764327184.7653,-7.865,-57.15,-78.66,21.48
p1,1764327184.7851,-4.757,-69.05,-77.97,8.325
p1,1764327184.8053,-5.592,-48.98,-77.74,28.75
p1,1764327184.8058,-6.223,-48.38,-78.8,30.42
p1,1764327184.8451,5.458,-66.76,-77.71,10.58
p1,1764327184.8456,6.821,-65.22,-79.14,13.74
p1,1764327184.8656,2.302,-59.73,-76.59,16.77
p1,1764327184.8676,-3.993,-59.49,-77.62,18.07
p1,1764327184.8881,-7.692,-67.25,-79.24,11.71
p1,1764327184.8883,-5.719,-71.08,-78.06,6.008
p1,1764327184.9086,-5.556,-47.68,-79.38,31.7
p1,1764327184.9091,3.149,-47.78,-78.2,30.42
p1,1764327184.9304,-6.644,-59.75,-78.35,18.54
p1,1764327184.9319,4.788,-59.65,-77.82,18.11
p1,1764327184.9518,-4.793,-70,-78.94,8.344
p1,1764327184.9526,-4.709,-69.69,-77.92,7.52
p1,1764327184.9738,7.6,-52.86,-78.25,25.38
p1,1764327184.9741,-2.205,-56.56,-77.06,20.45
p1,1764327184.9936,4.28,-67.87,-78.21,9.926
p1,1764327185.0148,-0.5155,-61.23,-75.36,13.96
p1,1764327185.0153,-7.564,-59.82,-76.02,16.09
p1,1764327185.0346,6.787,-59.28,-76.38,17.02
p1,1764327185.0358,-2.355,-59.29,-75.79,16.41
p1,1764327185.0553,-6.858,-64.05,-79.19,15
p1,1764327185.0566,4.985,-65.91,-77.6,11.38
p1,1764327185.0748,1.896,-67.67,-76.82,8.584
p1,1764327185.0753,-5.127,-66.57,-78.86,12.03
p1,1764327185.0964,-4.734,-50.23,-77.01,26.77
p1,1764327185.0969,-4.764,-50.34,-79.21,28.86
p1,1764327185.1151,6.383,-46.27,-79.12,32.84
p1,1764327185.1154,1.914,-46.32,-77.5,31.18
p1,1764327185.1349,-5.454,-52.78,-77.38,24.58
p1,1764327185.1366,4.632,-53.3,-78.62,25.31
p1,1764327185.1556,5.056,-61.53,-78.03,16.4
p1,1764327185.1563,3.139,-61.45,-77.18,15.61
p1,1764327185.1741,-4.367,-60.43,-77.46,16.94
p1,1764327185.1746,4.553,-60.63,-78.4,17.7
p1,1764327185.1941,1.789,-56.25,-77.05,20.76
p1,1764327185.1946,-5.125,-56.21,-77.6,21.36
p1,1764327185.2121,3.467,-52.16,-77.54,25.37
p1,1764327185.2138,-5.925,-52.5,-78.67,26.16
p1,1764327185.2328,-6.592,-68.44,-77.6,8.598
p1,1764327185.2698,4.701,-64.68,-78.29,13.42
p1,1764327185.2888,5.491,-58.66,-77.35,18.63
p1,1764327185.3098,-5.223,-54.78,-78.57,23.77
p1,1764327185.3101,-3.098,-54.81,-77.24,22.41
p1,1764327185.3298,-4.98,-56.34,-77.29,20.92
p1,1764327185.3306,-4.809,-56.4,-78.82,22.39
p1,1764327185.3506,-4.22,-57.87,-77.38,19.46
p1,1764327185.3513,-5.088,-57.9,-78.43,20.49
p1,1764327185.3721,-6.227,-61.17,-77.62,16.35
p1,1764327185.3723,-4.594,-61.51,-77.17,15.54
p1,1764327185.4143,7.134,-54.18,-78.77,24.57
p1,1764327185.4156,-1.558,-56.34,-77.14,20.76
p1,1764327185.4374,3.454,-59.03,-75.41,16.28
p1,1764327185.4379,6.96,-58.74,-76.61,17.8
p1,1764327185.4576,-4.673,-62.74,-77.22,14.33
p1,1764327185.4591,5.903,-61.71,-78.36,16.55
p1,1764327185.5016,6.715,-70.49,-78.57,7.345
p1,1764327185.5231,3.979,-57.88,-78.2,20.28
p1,1764327185.5236,-3.185,-57.17,-77.45,20.25
p1,1764327185.5448,5.317,-48.38,-77.66,29.28
p1,1764327185.5466,4.955,-48.78,-78.42,29.63
p1,1764327185.5883,-4.705,-51.92,-75.43,23.48
p1,1764327185.5891,-4.848,-51.79,-76.93,25.13
p1,1764327185.6106,7.023,-64.05,-78.29,14.07
p1,1764327185.6308,7.6,-65.21,-78.12,12.68
p1,1764327185.6328,-5.114,-66.13,-77.27,10.79
p1,1764327185.6748,3.615,-55.39,-76.29,20.87
p1,1764327185.7161,-7.6,-53.37,-78.25,24.87
p1,1764327185.7178,2.597,-54.2,-76.63,22.41
p1,1764327185.7588,-4.892,-49,-78.45,29.44
p1,1764327185.7593,-4.773,-48.9,-77.24,28.33
p1,1764327185.8016,4.093,-65.92,-78.79,12.63
p1,1764327185.8021,1.789,-64.2,-77.29,12.87
p1,1764327185.8223,4.347,-60.43,-78.63,18.13
p1,1764327185.8231,5.544,-60.57,-77.05,16.38
p1,1764327185.8428,-7.802,-59.31,-78.39,19.03
p1,1764327185.8446,1.807,-61.46,-76.64,15.04
p1,1764327185.8646,5.345,-52.26,-77.24,24.97
p1,1764327185.8654,5.539,-52.38,-78.43,26.04
p1,1764327185.8846,-3.551,-59.64,-77.25,17.53
p1,1764327185.8863,4.246,-60.45,-79.12,18.62
p1,1764327185.9268,-3.803,-55.46,-78.49,23.01
p1,1764327185.9276,-3.798,-54.34,-77.27,22.9
p1,1764327185.9463,3.927,-65.85,-75.25,8.873
p1,1764327185.9476,5.928,-64.61,-75.99,11.04
p1,1764327185.9666,-4.602,-51.02,-78.77,27.74
p1,1764327185.9678,4.979,-50.8,-77.73,26.92
p1,1764327186.0071,-1.91,-60.17,-77.32,17.07
p1,1764327186.0273,1.855,-55.6,-77.46,21.83
p1,1764327186.0276,4.246,-55.79,-78.66,22.85
p1,1764327186.0491,6.885,-53.66,-78.28,24.61
p1,1764327186.0686,3.875,-59.53,-78.46,18.88
p1,1764327186.0691,-3.073,-59.24,-77.51,18.21
p1,1764327186.0871,-2.357,-63.3,-78.02,14.57
p1,1764327186.0886,3.711,-64.64,-79.37,14.58
p1,1764327186.1071,3.491,-61.53,-78.17,16.54
p1,1764327186.1088,5.084,-61.8,-79.17,17.29
p1,1764327186.1268,-7.741,-49.63,-79.05,29.42
p1,1764327186.1463,5.166,-69.19,-78.56,8.837
p1,1764327186.1478,-3.388,-69.87,-77.24,6.493
p1,1764327186.1676,6.694,-64.3,-78.56,14.09
p1,1764327186.1853,6.159,-65.55,-79.05,13.31
p1,1764327186.1861,-1.805,-66.1,-77.71,11.3
p1,1764327186.2046,4.605,-50.71,-78.66,27.94
p1,1764327186.2056,-1.893,-49.53,-77.97,28.44
p1,1764327186.2251,-5.122,-61.56,-77.54,15.87
p1,1764327186.2258,-7.474,-61.07,-78.79,17.65
p1,1764327186.2438,-7.58,-52.8,-78.21,25.4
p1,1764327186.2443,1.825,-53.03,-77,23.95
p1,1764327186.2846,7.109,-53.66,-78.58,24.91
p1,1764327186.3031,5.046,-62.91,-77.08,14
p1,1764327186.3218,7.155,-57.29,-78.72,21.4
p1,1764327186.3221,-1.567,-58.44,-77.69,19.21
p1,1764327186.3421,7.932,-56.21,-78.03,21.79
p1,1764327186.3433,1.939,-56.58,-76.84,20.22
p1,1764327186.3618,-3.231,-64.83,-77.16,12.06
p1,1764327186.3628,6.612,-65.12,-78.61,13.29
p1,1764327186.3828,-6.31,-68.57,-78.69,9.673
p1,1764327186.3831,2.074,-69.89,-77.88,7.243
p1,1764327186.4016,-7.213,-59.7,-77.34,17.57
p1,1764327186.4031,-3.507,-63.05,-76.96,13.73
p1,1764327186.4211,6.232,-62.6,-78.38,15.66
p1,1764327186.4213,-5.007,-62.95,-77.18,14.07
p1,1764327186.4416,-5.902,-52.91,-78.77,25.85
p1,1764327186.4424,4.165,-52.84,-77.12,24.26
p1,1764327186.4616,5.061,-66.42,-79.44,12.8
p1,1764327186.4621,5.082,-65.89,-77.01,10.77
p1,1764327186.4808,3.465,-49.45,-77.31,27.85
p1,1764327186.4813,2.439,-50.8,-79.11,28.31
p1,1764327186.5018,4.064,-48.97,-77.15,28.17
p1,1764327186.5021,-7.936,-48.87,-78.81,29.94
p1,1764327186.5229,1.903,-55.91,-77.47,21.53
p1,1764327186.5408,5.642,-69.11,-79.02,9.449
p1,1764327186.5421,3.821,-69.11,-77.84,8.106
p1,1764327186.5628,7.206,-49.24,-79.33,30.09
p1,1764327186.6006,2.036,-56.9,-76.96,20.02
p1,1764327186.6008,7.867,-56.14,-78.18,22.01
p1,1764327186.6221,-6.296,-52.64,-78.34,25.69
p1,1764327186.6223,-3.436,-52.79,-76.98,24.18
p1,1764327186.6398,4.311,-61.04,-78.81,17.69
p1,1764327186.6608,4.647,-62.46,-76.58,13.95
p1,1764327186.6613,4.647,-62.68,-77.82,15
p1,1764327186.6798,-3.99,-53.36,-78.8,25.43
p1,1764327186.6801,-4.015,-52.09,-77.76,25.66
p1,1764327186.7176,-5.925,-58.37,-78.84,20.43
p1,1764327186.7178,-5.6,-59.84,-77.26,17.33
p1,1764327186.7383,-3.111,-59.9,-77.99,18.02
p1,1764327186.7388,7.675,-59.89,-78.71,18.77
p1,1764327186.7558,2.111,-64.01,-77.87,13.67
p1,1764327186.7571,7.6,-62.62,-79.09,16.37
p1,1764327186.7771,4.277,-57.18,-77.9,20.68
p1,1764327186.7948,-4.093,-50.33,-77.96,27.62
p1,1764327186.7956,4.399,-50.65,-79.47,28.82
p1,1764327186.8128,4.781,-59.75,-79,19.2
p1,1764327186.8138,-3.327,-59.65,-77.81,18.09
p1,1764327186.8318,0.8987,-45.56,-53.09,6.68
p1,1764327186.8333,1.505,-49.33,-77.1,27.77
p1,1764327186.8511,-5.99,-62.46,-78.72,16.16
p1,1764327186.8531,5.449,-63.2,-77.29,13.92
p1,1764327186.8701,5.406,-45.76,-79.01,33.25
p1,1764327186.8721,4.728,-45.34,-78,32.66
p1,1764327186.8893,1.915,-55.99,-78.12,22.11
p1,1764327186.9086,7.613,-55.38,-78.5,23.1
p1,1764327186.9291,7.514,-70.08,-78.78,8.077
p1,1764327186.9471,-6.866,-47.96,-78.95,30.98
p1,1764327186.9481,1.022,-48.31,-77.66,29.34
p1,1764327186.9663,-4.296,-54.81,-77.28,22.45
p1,1764327186.9668,-4.272,-55.38,-79.24,23.84
p1,1764327186.9856,-5.091,-56.14,-78.96,22.8
p1,1764327186.9871,1.907,-55.81,-77.76,21.92
p1,1764327187.0258,-6.621,-57.22,-79.03,21.78
p1,1764327187.0261,3.9,-57.58,-77.92,20.31
p1,1764327187.0628,-2.274,-56.83,-77.14,20.26
p1,1764327187.0841,1.943,-52.1,-77.05,24.94
p1,1764327187.1016,3.855,-51.96,-78.07,26.1
p1,1764327187.1226,-5.405,-71.73,-78.89,6.23
p1,1764327187.1403,-1.809,-45.94,-53.08,6.219
p1,1764327187.1406,-3.763,-47.9,-78.84,30.94
p1,1764327187.1421,-3.514,-47.69,-77.09,29.4
p1,1764327187.1596,-7.181,-68.5,-78.82,9.894
p1,1764327187.1616,-2.269,-66.59,-77.41,10.45
p1,1764327187.1793,-1.693,-50.28,-75.29,24.99
p1,1764327187.1801,7.6,-50.18,-76.21,26.02
p1,1764327187.1981,5.036,-62.08,-77.38,15.17
p1,1764327187.1986,7.086,-61.62,-79.12,17.42
p1,1764327187.2183,-4.276,-52.65,-77.21,24.55
p1,1764327187.2186,-4.264,-53.66,-78.84,25.16
p1,1764327187.2381,6.415,-57.51,-79.36,21.82
p1,1764327187.2568,5.129,-44.21,-78.27,34.06
p1,1764327187.2571,5.149,-44.37,-79.36,34.98
p1,1764327187.2741,2.295,-57.85,-77.54,19.64
p1,1764327187.2946,3.97,-51.57,-77.46,25.88
p1,1764327187.2948,3.916,-52.56,-78.66,26.1
p1,1764327187.3321,0.6722,-44.71,-52.96,7.55
p1,1764327187.3498,7.414,-52.53,-78.51,25.97
p1,1764327187.3513,-1.947,-52.61,-77.78,25.16
p1,1764327187.3683,1.908,-54.59,-77.5,22.89
p1,1764327187.3698,-7.6,-54.04,-79.48,25.43
p1,1764327187.4051,-4.784,-47.88,-78.2,30.32
p1,1764327187.4063,-4.878,-47.7,-77.29,29.59
p1,1764327187.4238,-5.879,-70.28,-78.16,7.102
p1,1764327187.4436,-5.908,-47.86,-77.52,29.65
p1,1764327187.4441,-5.868,-47.7,-78.23,30.53
p1,1764327187.4613,6.732,-63.66,-78.62,14.82
p1,1764327187.4796,-7.6,-50.49,-76.9,26.4
p1,1764327187.4803,1.101,-52.38,-76.06,23.67
p1,1764327187.4976,-5.898,-55.69,-79.05,23.33
p1,1764327187.4996,1.846,-55.49,-77.43,21.91
p1,1764327187.5163,4.649,-53.44,-77.31,23.86
p1,1764327187.5366,-4.644,-60.34,-79.26,18.86
p1,1764327187.5538,-3.843,-67.96,-76.83,8.273
p1,1764327187.5548,6.82,-66.87,-79.29,12.16
p1,1764327187.5758,-6.268,-68.03,-77.37,8.813
p1,1764327187.5776,1.943,-68.3,-76.64,7.656
p1,1764327187.5908,-7.234,-52,-78.19,26.18
p1,1764327187.5926,2.39,-52.58,-77.62,25.03
p1,1764327187.6291,7.6,-55.35,-77.85,22.48
p1,1764327187.6468,2.313,-60.93,-77.97,16.95
p1,1764327187.6653,1.922,-54.75,-77.95,23.18
p1,1764327187.6666,-7.6,-53.65,-78.61,24.94
p1,1764327187.6841,-3.892,-54.09,-77.33,23.22
p1,1764327187.6856,7.109,-53.99,-78.58,24.57
p1,1764327187.7031,6.756,-67.65,-78.73,10.72
p1,1764327187.7046,-1.961,-65.05,-77.23,11.9
p1,1764327187.7223,4.267,-59.84,-77.09,17.17
p1,1764327187.7226,4.229,-59.75,-79.37,19.57
p1,1764327187.7401,1.677,-64.47,-77.6,12.92
p1,1764327187.7411,-7.6,-60.55,-79.31,18.7
p1,1764327187.7596,5.636,-62.94,-79.18,16.14
p1,1764327187.7601,1.8,-62.6,-77.39,14.65
p1,1764327187.7768,6.696,-58.84,-78.87,19.98
p1,1764327187.7788,-1.712,-59.26,-77.56,18.23
p1,1764327187.7953,3.969,-50.14,-77.22,27.07
p1,1764327187.8153,-7.6,-55.49,-78.66,23.15
p1,1764327187.8328,-5.831,-49.28,-78.68,29.4
p1,1764327187.8333,-2,-49.17,-77.55,28.38
p1,1764327187.8523,-4.276,-57.08,-77.57,20.45
p1,1764327187.8873,5.854,-57.98,-79.08,21.07
p1,1764327187.9246,3.037,-59.59,-77.58,17.92
p1,1764327187.9261,-7.6,-59.21,-78.12,18.85
p1,1764327187.9433,5.538,-49.46,-78.32,28.86
p1,1764327187.9443,-3.643,-49.53,-77.37,27.83
p1,1764327187.9633,7.096,-59.95,-78.57,18.56
p1,1764327187.9806,-5.508,-69.82,-77.92,7.367
p1,1764327187.9811,-7.6,-67.59,-78.97,11.06
p1,1764327187.9983,5.016,-65.7,-78.63,12.7
p1,1764327188.0351,-5.045,-61.36,-76.67,15.18
p1,1764327188.0363,-7.6,-61.35,-77.59,16.14
p1,1764327188.0551,-6.065,-68.61,-78.85,9.809
p1,1764327188.0733,7.086,-62.95,-78.44,15.36
p1,1764327188.1086,1.863,-68.57,-77.51,8.348
p1,1764327188.1101,5.891,-67.56,-78.78,10.88
p1,1764327188.1263,1.912,-69.81,-77.41,6.767
p1,1764327188.1266,7.805,-69.91,-78.54,7.983
p1,1764327188.1451,-6.453,-62.35,-78.98,16.54
p1,1764327188.1813,7.451,-68.61,-78.25,9.148
p1,1764327188.1828,2.255,-68.16,-77.53,8.834
p1,1764327188.2176,5.114,-64.13,-77.42,13.08
p1,1764327188.2181,-3.841,-64.04,-78.93,14.75
p1,1764327188.2538,-4.819,-55.12,-78.16,23.02
p1,1764327188.3083,1.953,-66.41,-77.13,10.34
p1,1764327188.3273,-4.9,-66.4,-76.55,9.706
p1,1764327188.3628,-3.861,-59.89,-77.86,17.9
p1,1764327188.3633,-4.122,-60.6,-79.26,18.6
p1,1764327188.3806,-2.55,-54.39,-76.91,22.5
p1,1764327188.4001,7.414,-70.15,-78.78,7.986
p1,1764327188.4168,2.605,-64.09,-77.6,13.31
p1,1764327188.4173,7.408,-64.1,-79.18,14.94
p1,1764327188.4366,4.684,-62.93,-77.61,14.53
p1,1764327188.4526,5.89,-71.58,-78.63,6.106
p1,1764327188.5081,-7.012,-65.86,-79.13,13.06
p1,1764327188.5086,-1.887,-69.8,-77.66,7.082
p1,1764327188.5433,1.985,-64.15,-77.55,13.2
p1,1764327188.5448,-7.294,-64.32,-78.59,14.1
p1,1764327188.5978,-5.918,-59.86,-78.41,18.48
p1,1764327188.5981,-5.6,-60.21,-77.51,17.22
p1,1764327188.6151,-5.121,-64.83,-77.82,12.76
p1,1764327188.6161,-7.159,-65.44,-78.65,13
p1,1764327188.6688,-6.388,-70.33,-78.78,7.783
p1,1764327188.6871,-3.925,-59.56,-79.06,19.45
p1,1764327188.6876,-4.083,-58.88,-77.43,18.49
p1,1764327188.7046,-3.92,-66.98,-77.19,9.768
p1,1764327188.7571,-7.034,-65.02,-78.94,13.74
p1,1764327188.7748,-7.532,-69.15,-78.89,9.256
p1,1764327188.7761,4.044,-67.94,-77.36,8.886
p1,1764327188.8296,7.063,-68.24,-78.76,10.12
p1,1764327188.8453,4.736,-60.3,-78.77,18.41
p1,1764327188.8636,-2.384,-69.62,-76.6,6.017
p1,1764327188.9336,4.287,-69.05,-77.24,7.479
p1,1764327188.9351,5.901,-69.36,-78.16,8.188
p1,1764327188.9703,5.489,-64.86,-77.13,12
p1,1764327189.0028,3.444,-21.06,-60.85,39.78
p1,1764327189.0248,3.448,-21.05,-59.12,38.06
p1,1764327189.1133,2.691,-66.46,-76.82,9.945
p1,1764327189.1421,3.447,-21.18,-51.52,30.34
p1,1764327189.2211,5.543,-63.57,-79.01,15.32
p1,1764327189.2213,-1.85,-63.77,-77.83,13.88
p1,1764327189.2381,2.654,-64.03,-77.4,13.16
p1,1764327189.2401,-5.515,-63.77,-79.23,15.34
p1,1764327189.2738,3.446,-21.05,-61.1,40.05
p1,1764327189.3238,2.211,-67.97,-77.1,8.566
p1,1764327189.3258,5.829,-68.84,-77.65,8.192
p1,1764327189.3616,-7.553,-66.41,-77.99,11.27
p1,1764327189.3618,1.758,-67.34,-76.78,8.912
p1,1764327189.4311,-5.513,-69.95,-78.57,7.976
p1,1764327189.5361,-5.134,-67.54,-77.16,9.118
p1,1764327189.5363,3.425,-67.23,-76.55,8.774
p1,1764327189.6043,-6.714,-61.99,-79.11,17.04
p1,1764327189.6061,4.49,-61.96,-77.49,15.41
p1,1764327189.6396,-7.623,-69.57,-78.52,8.351
p1,1764327189.6726,-5.917,-66.49,-78.9,12.15
p1,1764327189.6736,-3.839,-65.59,-77.75,11.89
p1,1764327189.7411,-5.783,-71.06,-78.95,7.115
p1,1764327189.7428,3.495,-70.22,-77.45,6.324
p1,1764327189.8456,3.457,-66.26,-77.41,10.81
p1,1764327189.8473,-4.695,-65.71,-77.8,11.81
p1,1764327189.8761,6.282,-65.85,-78.63,12.54
p1,1764327189.8763,-1.882,-66.86,-76.88,9.562
p1,1764327189.9431,5.292,-67.89,-78.9,10.64
p1,1764327189.9443,3.889,-66.17,-77.59,11.09
p1,1764327189.9603,-4.289,-71.63,-78.94,6.426
p1,1764327189.9781,1.877,-70.06,-77.91,7.083
p1,1764327189.9788,-5.615,-70.48,-78.09,6.787
p1,1764327189.9946,1.875,-61.56,-77.38,15.71
p1,1764327189.9948,-6.672,-61.16,-77.59,16.33
p1,1764327190.0826,3.55,-67.46,-77.81,9.938
p1,1764327190.0831,-6.339,-67.09,-78.93,11.54
p1,1764327190.1186,-4.332,-62.36,-78.97,16.51
p1,1764327190.1543,-4.001,-68.22,-75.7,6.62
p1,1764327190.1884,-7.203,-69.36,-79.09,9.247
p1,1764327190.2241,-7.527,-59.97,-78.72,18.69
p1,1764327190.2261,1.898,-60.48,-77.26,16.69
p1,1764327190.2606,-3.462,-60.18,-77.69,17.43
p1,1764327190.2968,-4.991,-68.03,-78.72,10.3
p1,1764327190.2973,-4.834,-67.72,-77.63,9.444
p1,1764327190.3121,5.911,-71.38,-79.02,6.821
p1,1764327190.3708,3.955,-68.63,-79.29,10.26
p1,1764327190.3723,-5.604,-68.4,-77.06,8.023
p1,1764327190.4438,1.942,-67.45,-77.48,9.574
p1,1764327190.4456,-6.462,-67.19,-78.99,11.51
p1,1764327190.5163,1.815,-70.49,-77.76,6.36
p1,1764327190.5533,3.937,-65.52,-78.92,13.19
p1,1764327190.5538,3.654,-65.73,-77.86,11.86
p1,1764327190.5698,6.031,-71.7,-78.72,6.055
p1,1764327190.6418,-7.115,-70.65,-79.26,7.958
p1,1764327190.7256,7.498,-70.9,-79.12,7.518
p1,1764327190.8276,5.58,-69.85,-78.81,8.367
p1,1764327190.8296,-3.924,-68.97,-77.91,8.356
p1,1764327190.9841,3.16,-66.67,-77.54,10.5
p1,1764327190.9848,-4.992,-67.14,-78.82,11.37
p1,1764327191.0351,5.922,-69.06,-78.72,9.16
p1,1764327191.0361,-4.24,-69.26,-77.23,7.217
p1,1764327191.0736,2.088,-69.78,-77.01,6.315
p1,1764327191.0738,-4.448,-69.41,-79.11,9.206
p1,1764327191.1066,6.741,-68.18,-78.57,9.976
p1,1764327191.1086,4.427,-68.77,-77.37,7.958
p1,1764327191.1241,-5.81,-68.41,-78.63,9.788
p1,1764327191.1244,2.67,-67.3,-76.95,9.155
p1,1764327191.1414,4.619,-71.49,-79.05,6.727
p1,1764327191.3251,-2.127,-70.01,-77.65,6.813
p1,1764327191.3931,6.63,-67.08,-77.99,10.55
p1,1764327191.3936,1.885,-67.4,-77.16,9.268
p1,1764327191.4248,2.01,-70.31,-77.64,6.447
p1,1764327191.4593,-5.69,-69.02,-77.49,7.802
p1,1764327191.4913,-4.387,-69.39,-79,9.112
p1,1764327191.4923,-4.695,-68.91,-77.29,7.697
p1,1764327191.5738,-3.918,-66.79,-78.97,11.91
p1,1764327191.5886,5.112,-69.47,-77.19,6.923
p1,1764327191.5888,5.237,-68.91,-78.69,9.304
p1,1764327191.6196,6.216,-68.56,-79.33,10.39
p1,1764327191.6211,4.889,-68.7,-77.51,8.196
p1,1764327191.9914,-5.934,-67.15,-79.5,12.08
p1,1764327191.9931,1.929,-66.19,-77.54,11.02
p1,1764327192.0178,-4.962,-62.52,-79.52,16.91
p1,1764327192.0663,4.247,-69.79,-78.83,8.456
p1,1764327192.0666,4.248,-68.63,-77.87,8.692
p1,1764327192.0883,1.903,-66.84,-77.97,10.79
p1,1764327192.0893,5.904,-66.28,-79.35,12.85
p1,1764327192.1336,-4.443,-71.23,-78.92,6.885
p1,1764327192.1788,7.273,-70.31,-79.12,8.201
p1,1764327192.4243,-7.083,-66.28,-79.15,12.63
p1,1764327192.4473,-7.452,-71.67,-79.61,7.175
p1,1764327192.5561,-6.812,-69.04,-78.93,9.419
p1,1764327192.5566,2.315,-69.74,-77.54,7.018
p1,1764327192.5783,2.327,-67.74,-77.42,9.184
p1,1764327192.5786,6.317,-66.81,-78.32,11.19
p1,1764327192.6423,1.883,-67.69,-77.94,9.813
p1,1764327192.7168,-3.659,-68.09,-77.44,8.817
p1,1764327192.7708,-6.399,-71.03,-78.47,6.581
p1,1764327192.7716,4.298,-70.77,-77.86,6.144
p1,1764327192.9146,5.922,-69.72,-77.82,7.363
p1,1764327192.9363,6.025,-71.7,-79.51,7.02
p1,1764327192.9766,-4.342,-71.61,-78.89,6.383
p1,1764327193.0366,7.19,-71.03,-78.96,7.171
p1,1764327193.0568,-5.526,-71.95,-79.42,6.618
p1,1764327193.1046,4.701,-69.51,-77.71,7.492
p1,1764327193.1049,4.706,-70.24,-78.82,7.932
p1,1764327193.2003,-7.542,-71.33,-79.06,6.93
p1,1764327193.2608,-4.307,-64.54,-79.46,14.78
p1,1764327193.2616,2.322,-64.08,-77.43,13.15
p1,1764327193.3984,2.279,-66.41,-77.19,10.4
p1,1764327193.3996,-3.805,-66.21,-79.11,12.67
p1,1764327193.8368,-7.402,-71.86,-78.92,6.102
p1,1764327193.8941,-7.141,-71.57,-79.09,6.677
p1,1764327194.0601,1.957,-68.09,-77.45,8.82
p1,1764327194.0768,7.023,-71.01,-79.32,7.616
p1,1764327199.1024,3.445,-18.7,-53.86,35.15
p1,1764327199.1243,3.448,-18.74,-51.32,32.57
p1,1764327199.2413,3.443,-18.92,-48.2,29.27
p1,1764327199.3733,3.446,-18.97,-51.6,32.63
p1,1764327209.2018,3.444,-24.31,-52.46,28.14
p1,1764327209.2236,3.444,-24.46,-52.67,28.21
p1,1764327209.3409,3.443,-24.58,-59.51,34.92
p1,1764327209.4726,3.441,-25.25,-53.15,27.9
p1,1764327219.3011,3.443,-62.38,-77.22,14.69
p1,1764327219.3231,3.453,-58.75,-77.22,18.4
p1,1764327219.4403,3.447,-53.43,-77.47,24.02
p1,1764327219.5721,3.444,-52.53,-77.18,24.64
p1,1764327229.4006,3.447,-50.51,-78.01,27.5
p1,1764327229.4226,3.452,-50.39,-77.7,27.3
p1,1764327229.5398,3.455,-49.55,-76.32,26.76
p1,1764327229.6716,3.451,-48.43,-77.64,29.21
G,1764327238,13.069028333,-16.747481667,11.6
p1,1764327239.5001,3.457,-55.37,-77.52,22.12
p1,1764327239.5221,3.462,-55.35,-76.53,21.15
p1,1764327239.6391,3.454,-55.09,-76.11,20.98
p1,1764327239.7711,3.458,-54.97,-77.18,22.18
p1,1764327249.5996,3.459,-54.45,-76.94,22.46
p1,1764327249.6213,3.46,-54.39,-76.52,22.1
p1,1764327249.7386,3.462,-54.76,-77.68,22.9
p1,1764327249.8706,3.465,-54.42,-75.97,21.52
p1,1764327252.5493,-3.344,-68.51,-77.52,8.425
p1,1764327252.5498,-7.246,-68.34,-79.12,10.4
p1,1764327252.6083,2.346,-65.28,-77.83,12.31
p1,1764327252.6088,7.583,-65.61,-79.41,13.62
p1,1764327252.9103,3.423,-66.63,-77.78,10.81
p1,1764327252.9108,7.953,-66.38,-79.4,12.79
p1,1764327253.1058,-2.833,-66.54,-77.86,10.98
p1,1764327253.1063,7.554,-66.29,-78.74,12.2
p1,1764327253.1573,-2.403,-65.74,-77.64,11.61
p1,1764327253.1586,5.465,-65.56,-79.57,13.83
p1,1764327253.2603,-6.284,-68.78,-79.18,9.981
p1,1764327253.2618,-3.943,-68.46,-77.98,9.007
p1,1764327253.4148,-3.864,-66.55,-78.61,11.78
p1,1764327253.5746,4.698,-71.46,-79,6.698
p1,1764327253.7276,1.925,-69.91,-77.54,6.808
p1,1764327253.7278,-5.546,-69.05,-78.78,9.236
p1,1764327253.9856,-5.901,-66.04,-79.52,13.28
p1,1764327253.9858,1.956,-65.97,-77.34,11.04
p1,1764327254.0143,-2.248,-68.72,-78.01,8.747
p1,1764327254.0466,1.86,-66.02,-78.16,11.87
p1,1764327254.0481,5.654,-66.05,-79.24,12.98
p1,1764327254.0771,-5.555,-67.06,-77.41,9.929
p1,1764327254.0786,4.969,-67.05,-79.05,11.72
p1,1764327254.3956,7.113,-70.79,-79.58,8.171
p1,1764327254.3976,2.011,-71.28,-78.26,6.008
p1,1764327254.7768,-3.091,-70.92,-78.04,6.181
p1,1764327254.7783,5.915,-72.33,-79.9,6.737
p1,1764327255.5701,5.122,-70.02,-79.37,8.814
p1,1764327255.5703,2.268,-70.49,-77.63,6.218
p1,1764327256.0376,4.358,-71.05,-78.21,6.23
p1,1764327256.0381,-6.524,-70.21,-79.9,9.199
p1,1764327257.5113,7.311,-71.76,-78.96,6.288
p1,1764327257.8011,7.6,-71.12,-79.58,7.8
p1,1764327257.8026,-5.523,-70.46,-77.9,6.572
p1,1764327258.1673,-6.212,-70.25,-79.56,8.769
p1,1764327258.1683,2.279,-69.9,-76.97,6.121
p1,1764327258.2696,-7.105,-69.89,-79.24,8.808
p1,1764327258.2708,4.234,-68.83,-77.81,8.387
p1,1764327258.5738,6.323,-71.14,-79.12,7.229
p1,1764327258.5741,2.847,-70.21,-78.47,7.564
p1,1764327258.7703,-1.889,-67.43,-77.56,9.687
p1,1764327258.7720,-6.337,-67.27,-79.06,11.48
p1,1764327258.8373,4.645,-70.57,-77.64,6.128
p1,1764327258.8383,-5.843,-71.18,-78.66,6.63
p1,1764327258.8706,4.321,-71.89,-79.18,6.391
p1,1764327258.9338,6.244,-70.71,-79.27,7.917
p1,1764327258.9350,2.162,-70.56,-77.86,6.397
p1,1764327259.0253,-6.693,-65.93,-78.12,11.92
p1,1764327259.0263,-5.291,-67.18,-77.71,10.13
p1,1764327259.0866,-5.128,-69.62,-78.56,8.349
p1,1764327259.0868,1.925,-69.2,-77.28,7.34
p1,1764327259.2703,-5.624,-60.82,-77.42,16.51
p1,1764327259.2706,-5.549,-60.41,-79.13,18.67
p1,1764327259.2988,2.019,-67.62,-77.95,9.905
p1,1764327259.3295,-4.265,-62.32,-78.46,16.04
p1,1764327259.4503,-6.273,-71.85,-79.19,6.46
p1,1764327259.4798,-4.481,-69.77,-79.03,8.716
p1,1764327259.4803,1.949,-69.38,-77.74,7.673
p1,1764327259.5926,-4.291,-65.63,-79.22,13.39
p1,1764327259.6795,-6.226,-71,-78.86,7.084
p1,1764327259.6988,3.463,-54.09,-77.02,22.91
p1,1764327259.7208,3.469,-54.11,-76.74,22.61
p1,1764327259.8213,4.319,-71.03,-79.29,7.554
p1,1764327259.8381,3.467,-54.48,-77.6,23.1
p1,1764327259.9698,3.462,-55.08,-77.09,21.98
p1,1764327260.0518,3.06,-69.6,-77.76,7.438
p1,1764327260.0520,-7.026,-69.69,-78.92,8.683
p1,1764327260.2493,1.865,-61.79,-77.9,16
p1,1764327260.2498,-5.971,-61.71,-78.38,16.57
p1,1764327260.2771,1.959,-64.3,-77.26,12.74
p1,1764327260.2781,-6.243,-64.12,-78.89,14.63
p1,1764327260.3056,-4.28,-57.83,-79.08,21.21
p1,1764327260.3058,-4.29,-57.8,-77.83,19.99
p1,1764327260.3343,-6.065,-70.41,-79.82,8.877
p1,1764327260.3346,1.965,-70.59,-77.93,6.46
p1,1764327260.3610,-6.288,-67.71,-79.08,11.03
p1,1764327260.3891,-7.169,-70.42,-79.33,8.32
p1,1764327260.6436,-3.897,-68.99,-79.68,10.3
p1,1764327260.6438,-3.875,-68.47,-77.87,8.863
p1,1764327260.6708,1.7,-67.27,-78.45,10.84
p1,1764327260.6711,-5.387,-67.48,-79.22,11.44
p1,1764327260.7228,5.871,-60.85,-78.97,18.06
p1,1764327260.7248,5.454,-60.71,-78.13,17.34
p1,1764327260.7771,-4.345,-67.89,-79.32,11.1
p1,1764327260.7776,-1.842,-68.16,-78.04,9.411
p1,1764327260.8043,-3.145,-65.96,-77.49,11.21
p1,1764327260.8338,3.897,-57.79,-79.29,21.46
p1,1764327260.8340,1.87,-57.75,-77.66,19.87
p1,1764327260.9771,-6.516,-70.76,-78.62,7.083
p1,1764327261.0048,5.936,-69.68,-79.05,8.839
p1,1764327261.0573,-7,-63.91,-79.37,15.34
p1,1764327261.0581,-4.306,-63.98,-77.28,13.09
p1,1764327261.0805,-7.153,-66.69,-79.1,12.16
p1,1764327261.0823,3.019,-66.05,-77.23,10.84
p1,1764327261.1293,4.731,-64.54,-77.71,12.96
p1,1764327261.1298,4.726,-64.52,-79.14,14.47
p1,1764327261.1983,-1.413,-60.39,-78.09,17.62
p1,1764327261.1985,-6.94,-60.36,-79.54,19.13
p1,1764327261.2468,1.906,-57.16,-77.83,20.64
p1,1764327261.2483,5.626,-57.03,-79.01,21.95
p1,1764327261.3658,2.053,-64.83,-78.09,13.05
p1,1764327261.3673,7.072,-64.06,-79.55,15.36
p1,1764327261.5001,-7.671,-70.39,-78.47,7.348
p1,1764327261.6273,3.799,-64.78,-77.39,12.37
p1,1764327261.6281,4.284,-65.28,-78.94,13.47
p1,1764327261.6683,2.326,-63.35,-77.61,14.1
p1,1764327261.6700,-6.664,-63.36,-79.39,15.91
p1,1764327261.6891,5.621,-61.85,-79.91,17.99
p1,1764327261.6911,-4.253,-61.96,-77.84,15.76
p1,1764327261.7288,-5.161,-71.91,-79.14,6.32
p1,1764327261.7496,5.551,-62.92,-77.99,14.93
p1,1764327261.7498,-3.903,-62.93,-79.34,16.31
p1,1764327261.8091,-6.749,-72.25,-79.91,6.852
p1,1764327261.8273,5.435,-64.84,-79.32,14.32
p1,1764327261.8278,5.582,-65.77,-77.65,11.58
p1,1764327261.8463,1.919,-60.44,-77.54,17.01
p1,1764327261.8468,-7.049,-60.82,-79.7,18.82
p1,1764327261.8848,-5.094,-57,-77.53,20.49
p1,1764327261.8850,-5.084,-57.19,-79.29,22.08
p1,1764327261.9601,2.691,-59.29,-77.92,18.57
p1,1764327261.9603,-7.508,-58.81,-79.6,20.75
p1,1764327261.9978,4.379,-66.51,-79.23,12.48
p1,1764327262.0365,-5.425,-58.62,-77.41,18.73
p1,1764327262.0368,-5.386,-58.48,-79.06,20.54
p1,1764327262.0568,-6.316,-61.31,-79.23,17.85
p1,1764327262.0570,2.352,-61.32,-77.52,16.1
p1,1764327262.1118,1.912,-65.26,-77.91,12.4
p1,1764327262.1120,-4.668,-65.34,-79.57,14.06
p1,1764327262.1303,2.326,-70.6,-78.22,6.792
p1,1764327262.1306,-7.49,-69.73,-79.11,8.851
p1,1764327262.1498,-5.503,-64.14,-78.41,14.1
p1,1764327262.1506,-5.546,-63.71,-79.28,15.44
p1,1764327262.1673,-3.198,-67.48,-78.63,10.8
p1,1764327262.1686,-6.791,-68.16,-79.66,11.18
p1,1764327262.1858,-3.99,-70.64,-79.28,8.003
p1,1764327262.1861,-3.991,-70.04,-77.59,6.717
p1,1764327262.2235,4.283,-71.5,-79.08,6.754
p1,1764327262.2948,-3.888,-69.57,-79.27,9.217
p1,1764327262.2958,-3.576,-69.14,-77.86,8.096
p1,1764327262.3296,-3.05,-70.12,-77.87,6.961
p1,1764327262.3308,-7.51,-70.8,-78.78,7.218
p1,1764327262.4333,-3.904,-61.19,-79.24,17.98
p1,1764327262.4346,1.95,-61.14,-77.62,16.37
p1,1764327262.4668,-4.714,-54.47,-77.72,23.23
p1,1764327262.4680,-4.696,-54.58,-79.52,24.93
p1,1764327262.4848,-5.389,-70.26,-79.19,8.336
p1,1764327262.4850,2.827,-70.34,-77.63,6.395
p1,1764327262.6018,5.08,-62.57,-79.71,17.06
p1,1764327262.6035,2.754,-62.41,-77.69,15.15
p1,1764327262.6696,4.043,-64.8,-79.27,14.31
p1,1764327262.6703,2.285,-65.02,-77.63,12.36
p1,1764327262.6846,4.768,-65.18,-79.31,13.95
p1,1764327262.6866,1.933,-65.46,-77.72,11.99
p1,1764327262.7173,1.928,-65.42,-77.7,12.02
p1,1764327262.7188,6.635,-64.55,-79.43,14.74
p1,1764327262.7346,7.6,-71.29,-79.17,7.109
p1,1764327262.7978,1.976,-66.13,-77.91,11.49
p1,1764327262.7983,7.074,-66.01,-78.81,12.57
p1,1764327262.8475,4.305,-60.55,-79.53,18.93
p1,1764327262.8478,4.408,-60.75,-77.5,16.66
p1,1764327262.8796,6.739,-67.04,-79.3,12
p1,1764327262.8936,-2.27,-57.66,-77.64,19.94
p1,1764327262.8956,4.273,-57.83,-78.84,20.98
p1,1764327262.9091,7.19,-65.71,-78.87,12.94
p1,1764327262.9111,5.206,-65.86,-77.56,11.39
p1,1764327262.9250,-5.367,-64.29,-77.93,13.44
p1,1764327262.9253,7.119,-64.12,-79.16,14.9
p1,1764327262.9880,2.682,-63.79,-77.56,13.57
p1,1764327263.0013,-7.465,-59.12,-79.07,19.9
p1,1764327263.0026,-2.799,-59.19,-77.47,18.22
p1,1764327263.0163,6.337,-64.29,-79,14.55
p1,1764327263.0173,-5.223,-64.96,-77.24,12.02
p1,1764327263.0466,6.711,-70.4,-79.2,8.185
p1,1764327263.0481,1.906,-69.76,-77.3,6.702
p1,1764327263.0616,5.301,-68.65,-78.41,9.276
p1,1764327263.0628,2.224,-68.66,-77.06,7.72
p1,1764327263.0765,7.231,-71.55,-78.7,6.224
p1,1764327263.0918,-7.475,-61.03,-79.2,18.1
p1,1764327263.0926,1.885,-61.12,-77.63,16.41
p1,1764327263.1056,4.709,-67.81,-76.8,8.402
p1,1764327263.1356,2.042,-63.8,-77.25,13.26
p1,1764327263.1363,-5.433,-64.28,-77.93,13.46
p1,1764327263.1803,-6.694,-71.09,-78.85,6.967
p1,1764327263.1938,-5.096,-61.65,-76.68,14.89
p1,1764327263.1940,-5.083,-62.23,-78.52,16.18
p1,1764327263.2221,-5.563,-57.8,-79.17,21.34
p1,1764327263.2498,1.955,-52.37,-75.7,23.31
p1,1764327263.2761,1.865,-53.24,-76,22.73
p1,1764327263.2763,-6.737,-53.25,-76.78,23.52
p1,1764327263.3033,-6.347,-60.61,-75.04,14.27
p1,1764327263.3178,5.918,-57.95,-73.82,15.76
p1,1764327263.3183,1.905,-58.02,-73.3,15.15
p1,1764327263.3318,2.022,-65.06,-77.42,12.1
p1,1764327263.3323,7.518,-65.18,-78.65,13.27
p1,1764327263.3586,-7.027,-61.06,-78.97,17.84
p1,1764327263.3728,1.941,-63.32,-77.32,13.82
p1,1764327263.3735,4.28,-62.78,-78.3,15.4
p1,1764327263.3990,5.91,-61.06,-77.91,16.75
p1,1764327263.3993,2.238,-61.43,-77.15,15.6
p1,1764327263.4140,6.555,-57.9,-77.93,19.98
p1,1764327263.4143,2.635,-57.71,-77.28,19.52
p1,1764327263.5086,5.925,-70.36,-78.66,7.614
p1,1764327263.5326,4.324,-62.32,-79.08,16.67
p1,1764327263.5476,6.728,-56.14,-79,22.83
p1,1764327263.5716,-2.259,-52.86,-72.79,19.88
p1,1764327263.6086,2.303,-57.82,-77.48,19.61
p1,1764327263.6093,-6.593,-57.76,-79.48,21.69
p1,1764327263.6336,6.723,-69.65,-78.49,8.229
p1,1764327263.6353,4.407,-69.35,-76.85,6.659
p1,1764327263.7128,-3.171,-54.86,-76.89,22
p1,1764327263.7136,6.753,-54.8,-78.16,23.34
p1,1764327263.7278,4.563,-56.9,-75.35,18.39
p1,1764327263.7418,1.896,-60.37,-77.97,17.52
p1,1764327263.7695,1.95,-61.45,-77.49,15.93
p1,1764327263.7700,-7.6,-61.45,-79.16,17.63
p1,1764327263.7850,-7.032,-58.82,-79.08,20.22
p1,1764327263.8443,-7.6,-71.1,-79.43,7.64
p1,1764327263.8451,-3.507,-70.78,-77.93,6.219
p1,1764327263.8895,-5.579,-58.15,-77.71,19.51
p1,1764327263.8898,-5.549,-57.93,-78.9,20.93
p1,1764327263.9220,3.95,-59.47,-77.26,17.71
p1,1764327263.9380,3.892,-64.49,-76.8,12.05
p1,1764327263.9395,-6.8,-64.42,-78.29,13.68
p1,1764327263.9543,-5.073,-64.46,-76.83,12.11
p1,1764327263.9545,-5.091,-64.33,-78.4,13.9
p1,1764327263.9878,-6.65,-57.89,-78.58,20.65
p1,1764327263.9898,2.244,-57.95,-77.29,19.29
p1,1764327264.0223,5.109,-69.39,-78.98,9.081
p1,1764327264.0235,4.061,-68.36,-77.99,9.133
p1,1764327264.0401,-7.538,-69.98,-79.06,8.51
p1,1764327264.0406,4.213,-69.23,-78.03,8.18
p1,1764327264.0958,-7.035,-58.61,-78.83,20.19
p1,1764327264.0963,-2.773,-58.92,-77.44,18.46
p1,1764327264.1153,2.714,-62.68,-77.54,14.71
p1,1764327264.1728,-3.111,-57.69,-77.75,20.01
p1,1764327264.1913,6.654,-66.43,-79.17,12.51
p1,1764327264.2118,1.883,-66.79,-77.13,9.925
p1,1764327264.2126,-5.858,-66.76,-78.66,11.61
p1,1764327264.2761,-3.857,-65.72,-78.88,12.94
p1,1764327264.3231,5.892,-67.41,-79.29,11.59
p1,1764327264.3436,1.909,-65.45,-76.56,10.75
p1,1764327264.3681,1.88,-52.69,-77.46,24.75
p1,1764327264.3683,-5.082,-52.64,-78.82,26.17
p1,1764327264.4278,-5.12,-67.05,-79.02,11.69
p1,1764327264.4481,4.682,-59.36,-78.98,19.57
p1,1764327264.4486,5.646,-59.54,-77.66,18.05
p1,1764327264.4920,4.42,-54.2,-79.08,24.87
p1,1764327264.4925,-2.669,-54.26,-77.37,23.09
p1,1764327264.5351,-5.922,-70.83,-78.64,7.021
p1,1764327264.5781,-3.899,-67.58,-78.13,10.15
p1,1764327264.5788,-6.184,-67.14,-78.99,11.55
p1,1764327264.6016,-4.987,-55.72,-78.86,23.12
p1,1764327264.6018,1.903,-55.74,-78.1,22.33
p1,1764327264.6708,-7.984,-71.23,-79.26,7.285
p1,1764327264.6933,5.487,-64.15,-78.45,14.14
p1,1764327264.6953,-5.495,-64.22,-77.65,13.24
p1,1764327264.7411,5.546,-70.54,-77.91,6.483
p1,1764327264.7658,7.846,-59.68,-78.54,18.8
p1,1764327264.8106,5.514,-63.99,-79.39,15.27
p1,1764327264.8108,5.505,-63.75,-78.12,14.21
C,1764327264.86,4,0
p1,1764327264.8331,4.692,-60.89,-78.65,17.68
p1,1764327264.8771,-7.472,-71.12,-79.21,7.356
p1,1764327264.8786,-2.135,-70.53,-77.6,6.128
p1,1764327264.9218,3.562,-69.4,-77.76,7.681
p1,1764327264.9228,-3.859,-71.95,-79.09,6.211
p1,1764327264.9665,5.852,-66.44,-78.06,11.3
p1,1764327264.9670,-5.714,-65.93,-79.21,13.07
p1,1764327265.0108,1.867,-67.17,-77.39,9.79
p1,1764327265.0113,6.863,-66.72,-79.05,12.07
p1,1764327265.0531,5.512,-69.52,-78.82,8.752
p1,1764327265.0551,5.537,-70.58,-77.63,6.096
p1,1764327265.1403,-3.979,-69.59,-79.19,9.103
p1,1764327265.2083,5.22,-57.51,-79.21,21.67
p1,1764327265.2090,1.894,-57.25,-77.92,20.63
p1,1764327265.3411,5.968,-70.6,-79.31,8.088
p1,1764327265.3863,-3.923,-69.14,-78.5,8.828
p1,1764327265.4293,1.959,-68.75,-77.64,8.298
p1,1764327265.4313,-4.267,-69.5,-78.85,8.806
p1,1764327265.4741,-6.297,-57.93,-78.68,20.71
p1,1764327265.4753,4.803,-57.86,-77,19.09
p1,1764327265.5196,5.515,-57.36,-77.09,19.68
p1,1764327265.5201,7.415,-57.24,-78.99,21.72
p1,1764327265.5400,5.057,-60.49,-79.26,18.72
p1,1764327265.5420,-4.949,-60.62,-77.68,16.97
p1,1764327265.5640,3.16,-55.85,-77.75,21.87
p1,1764327265.5648,4.743,-55.69,-79.32,23.6
p1,1764327265.5851,4.697,-61.84,-78.31,16.37
p1,1764327265.5868,-5.841,-62.05,-78.79,16.65
p1,1764327265.6070,2.22,-59,-77.69,18.63
p1,1764327265.6090,7.583,-59.19,-78.97,19.74
p1,1764327265.6305,-5.328,-66.14,-77.65,11.19
p1,1764327265.6308,-7.145,-65.6,-79.35,13.56
p1,1764327265.6953,-3.943,-61.49,-77.71,16.11
p1,1764327265.8065,5.951,-69.21,-78.99,9.301
p1,1764327265.8288,-5.513,-61.15,-78.01,16.77
p1,1764327265.8300,4.727,-61.11,-78.41,17.22
p1,1764327265.8723,-5.498,-64.62,-77.37,12.51
p1,1764327265.8733,-7.443,-64.3,-78.64,14.17
p1,1764327265.8951,-6.804,-62.18,-79.68,17.43
p1,1764327265.8953,1.968,-62.45,-77.75,15.17
p1,1764327265.9175,7.06,-55.89,-78.96,23.05
p1,1764327265.9385,-4.012,-61.3,-77.67,16.26
p1,1764327265.9398,4.197,-61.83,-78.97,17.05
p1,1764327265.9828,1.935,-70.36,-77.72,6.479
p1,1764327265.9838,7.042,-69.86,-79.45,9.087
p1,1764327266.0293,5.167,-66.17,-77.81,11.33
p1,1764327266.0296,5.144,-65.63,-79.54,13.72
p1,1764327266.0718,-4.65,-71.9,-78.97,6.122
p1,1764327266.0948,-4.463,-71.32,-79.3,7.221
p1,1764327266.1813,-6.573,-61.69,-78.65,16.87
p1,1764327266.1818,1.925,-61.79,-77.76,15.86
p1,1764327266.2025,-4.607,-63.04,-77.98,14.8
p1,1764327266.2033,5.98,-63.48,-79.46,15.87
p1,1764327266.2270,-3.064,-61.44,-78,16.46
p1,1764327266.2716,4.022,-71.94,-79.22,6.378
p1,1764327266.3578,6.71,-64.76,-79.19,14.27
p1,1764327266.3590,5.493,-64.64,-77.74,12.88
p1,1764327266.4221,1.916,-64.91,-77.83,12.7
p1,1764327266.4238,-6.833,-65.22,-79.82,14.45
p1,1764327266.4890,6.383,-70.92,-79.13,7.503
p1,1764327266.5085,6.531,-71.3,-79.27,7.221
p1,1764327266.5541,-5.211,-67.95,-78.78,10.45
p1,1764327266.5543,2.249,-67.46,-77.19,9.234
p1,1764327266.5758,-4.012,-65.02,-79.76,14.6
p1,1764327266.5766,4.238,-64.04,-77.66,13.44
p1,1764327266.5985,3.001,-67.83,-77.82,9.533
p1,1764327266.6621,-5.492,-67.64,-79.63,11.71
p1,1764327266.7043,-3.104,-65.27,-77.93,12.42
p1,1764327266.7055,-7.024,-65.05,-79.27,14.06
p1,1764327266.7698,-5.11,-69.37,-77.88,7.854
p1,1764327266.7713,-5.098,-69.08,-78.77,9.2
p1,1764327266.8601,7.112,-71.51,-78.72,6.294
p1,1764327267.1393,7.183,-62.03,-79.51,17.4
p1,1764327267.1408,-4.351,-62.41,-78.06,15.54
p1,1764327267.2273,4.664,-66.81,-77.69,10.52
p1,1764327267.2686,-7.039,-66.4,-79.76,13.15
p1,1764327267.2688,-4.327,-66.22,-77.11,10.51
p1,1764327267.2908,1.94,-69.59,-77.82,7.524
p1,1764327267.3118,4.696,-62.68,-77.61,14.79
p1,1764327267.3135,-6.669,-62.59,-79.34,16.66
p1,1764327267.3333,5.931,-71.84,-78.99,6.209
p1,1764327267.4398,5.484,-66.9,-78.17,10.94
p1,1764327267.4401,5.561,-66.76,-79.44,12.44
p1,1764327267.5481,6.184,-72.29,-79.3,6.047
p1,1764327267.6981,5.179,-70.08,-79.31,8.684
p1,1764327267.6983,-5.226,-70.43,-77.55,6.185
p1,1764327267.7638,1.92,-69.89,-77.15,6.36
p1,1764327267.7641,3.946,-70.11,-79.18,8.506
p1,1764327267.8686,1.934,-67.75,-77.84,9.641
p1,1764327267.8706,7.053,-67.33,-78.92,11.28
p1,1764327267.9983,1.967,-67.61,-77.59,9.512
p1,1764327269.1298,-4.267,-68.45,-79.27,10.43
p1,1764327269.1301,1.872,-68.8,-78.14,8.792
p1,1764327269.1733,-3.18,-69.34,-77.98,8.004
p1,1764327269.1736,-5.066,-69.15,-79.24,9.637
p1,1764327269.2558,-6.35,-69.2,-79.73,10.13
p1,1764327269.2580,1.709,-68.33,-77.68,8.811
p1,1764327269.2975,-4.684,-69.77,-78.77,8.409
p1,1764327269.2993,-2.789,-69.17,-77.64,7.808
p1,1764327269.4653,7.185,-70.12,-79.15,8.457
p1,1764327269.4666,1.848,-69.22,-77.59,7.684
p1,1764327269.6373,4.599,-70.78,-77.93,6.217
p1,1764327269.6788,-4.31,-70.35,-77.58,6.317
p1,1764327269.6798,5.141,-71,-79.16,7.433
p1,1764327269.7983,3.467,-56.07,-77.6,21.5
p1,1764327269.8203,3.469,-55.96,-77.75,21.76
p1,1764327269.9375,3.47,-56.92,-77.69,20.73
p1,1764327270.0693,3.463,-57.17,-78.32,21.11
p1,1764327279.8978,3.47,-54.47,-77.07,22.57
p1,1764327279.9198,3.473,-54.75,-76.76,21.98
p1,1764327280.0368,3.467,-55.09,-77.28,22.16
p1,1764327280.1688,3.472,-55.85,-77.22,21.35
p1,1764327289.9973,3.471,-54.97,-76.82,21.83
p1,1764327290.0190,3.475,-54.92,-76.93,21.98
p1,1764327290.1363,3.473,-55.1,-77.85,22.73
p1,1764327290.2681,3.471,-55.44,-76.67,21.19
G,1764327298,13.069026667,-16.747483333,11.6
p1,1764327300.0965,3.465,-54.46,-77.69,23.21
p1,1764327300.1185,3.466,-54.33,-77.94,23.59
p1,1764327300.2358,3.467,-52.22,-77.54,25.31
p1,1764327300.3675,3.467,-50.11,-76.35,26.23
p1,1764327310.1960,3.48,-58.85,-77.6,18.7
p1,1764327310.2180,3.479,-58.79,-78.01,19.16
p1,1764327310.3353,3.501,-60.94,-77.13,16.08
p1,1764327310.4670,3.482,-60.44,-77.18,16.65
p1,1764327320.2955,3.489,-39.23,-70.84,31.61
p1,1764327320.3175,3.492,-39.22,-69.14,29.92
p1,1764327320.4345,3.487,-39.34,-69,29.65
p1,1764327320.5665,3.49,-37.56,-67.45,29.88
p1,1764327330.3948,3.483,-30.57,-58.12,27.54
p1,1764327330.3950,3.486,-33.88,-52.05,18.1
p1,1764327330.4168,3.485,-30.25,-60.42,30.16
p1,1764327330.5340,3.485,-28.66,-66.01,37.36
p1,1764327330.6657,3.485,-28.29,-57.91,29.62
p1,1764327340.4943,3.484,-18.55,-53.62,35.07
p1,1764327340.5163,3.486,-18.5,-56.22,37.73
p1,1764327340.6335,3.487,-18.09,-54,35.91
p1,1764327340.7653,3.484,-18.32,-56.4,38.08
p1,1764327350.5938,3.477,-5.234,-45.52,40.28
p1,1764327350.6158,3.474,-5.339,-43.08,37.74
p1,1764327350.7330,3.469,-5.011,-33.28,28.26
p1,1764327350.8647,3.491,-5.703,-43.89,38.18
G,1764327358,13.069021667,-16.747488333,11
p1,1764327360.6932,3.502,-6.638,-39.44,32.8
p1,1764327360.7152,3.505,-6.686,-35.7,29.01
p1,1764327360.8322,3.506,-6.786,-39.55,32.76
p1,1764327360.9642,3.509,-7.324,-37.85,30.52
C,1764327380.002,5,0
C,1764327400.005,4,0
