port, timestamp,snr,signal,noise,ms
C,1764755857.469,4,0
p1,1764755860.8155,3.897,-58.23,-68.34,9.672
p1,1764755860.8165,1.82,-57.5,-66.91,8.886
G,1764755866,13.09217,-16.768686667,22.2
C,1764755867.473,5,0
p1,1764755883.7012,-6.266,-58.09,-66.16,7.33
C,1764755887.475,4,0
p1,1764755888.8365,1.903,-55.19,-67.16,11.68
p1,1764755888.8367,-4.296,-56.5,-68.64,11.86
p1,1764755889.9462,1.947,-52.88,-65.18,12.04
p1,1764755891.6030,4.115,-58.07,-67.63,9.048
p1,1764755891.6040,-6.611,-57.23,-69.09,11.57
p1,1764755912.6322,7.909,-61.49,-70.05,7.904
p1,1764755919.3100,1.759,-60.11,-68.11,7.252
p1,1764755919.3105,4.513,-61.66,-70,7.653
G,1764755926,13.092186667,-16.768606667,21.8
C,1764755927.474,5,0
p1,1764755929.1655,-6.201,-62.22,-69.78,6.724
p1,1764755938.4409,-6.293,-62.15,-69.7,6.709
p1,1764755943.1712,2.554,-56.19,-68.24,11.77
C,1764755947.479,4,0
p1,1764755948.6612,2.279,-56.62,-65.53,8.307
p1,1764755948.6744,-6.731,-51.52,-60.67,8.59
p1,1764755948.6912,-4.023,-46.54,-59.67,12.92
p1,1764755948.6919,3.851,-46.14,-59.49,13.14
G,1764755986,13.092348333,-16.767538333,19
C,1764755987.48,5,0
C,1764756007.479,4,0
G,1764756046,13.093511667,-16.765113333,27.7
p1,1764756064.1444,1.881,-54.9,-62.22,6.427
C,1764756087.48,5,0
G,1764756106,13.092525,-16.764405,15.8
C,1764756107.479,4,0
p1,1764756128.8316,5.367,-57.02,-64.1,6.137
p1,1764756135.0099,-5.008,-47.87,-61.25,13.18
p1,1764756135.0111,4.803,-48.96,-60.25,10.96
p1,1764756137.1069,3.894,-56.04,-63.7,6.839
C,1764756147.482,5,0
G,1764756166,13.091993333,-16.763691667,11.9
C,1764756167.484,4,0
p1,1764756182.8521,-6.345,-57.5,-72.51,14.87
p1,1764756182.8529,1.865,-57.97,-71,12.81
C,1764756187.481,5,0
p1,1764756204.5448,-2.834,-69.06,-76.26,6.274
p1,1764756204.5451,-5.15,-70.27,-78.22,7.197
C,1764756207.486,4,0
G,1764756227,13.09201,-16.763691667,11.7
C,1764756247.486,5,0
p1,1764756249.2206,6.704,-70.11,-77.35,6.333
p1,1764756249.8060,4.555,-71.06,-78.04,6.015
C,1764756267.487,4,0
G,1764756287,13.091666667,-16.763385,17.4
C,1764756307.486,5,0
p1,1764756312.4880,4.269,-64.06,-73.93,9.393
C,1764756327.488,4,0
S,1764756336.039,1,frequency,150.096,0,
S,1764756336.045,1,lna_gain,1,0,
S,1764756336.049,1,rf_filter,6,0,
S,1764756336.054,1,mixer_gain,1,0,
S,1764756336.061,1,if_filter,0,0,
S,1764756336.066,1,if_gain,0,0,
G,1764756347,13.09158,-16.763421667,16.2
G,1764756406,13.091588333,-16.763431667,16.8
C,1764756407.488,5,0
C,1764756427.487,4,0
C,1764756457.89,4,0
G,1764756466,13.091593333,-16.763428333,16.5
C,1764756467.488,5,0
C,1764756487.49,4,0
C,1764756507.49,5,0
G,1764756526,13.091598333,-16.763431667,16.8
C,1764756527.491,4,0
C,1764756567.483,5,0
G,1764756586,13.091601667,-16.763433333,17.7
C,1764756587.492,4,0
C,1764756627.495,5,0
G,1764756646,13.091598333,-16.763353333,18
p1,1764756647.4192,3.441,-69.59,-78,7.737
p1,1764756647.4214,6.637,-69.84,-79.34,8.985
C,1764756647.492,4,0
C,1764756667.486,5,0
C,1764756687.492,4,0
G,1764756706,13.091621667,-16.763398333,16.5
G,1764756766,13.091641667,-16.763415,16.4
C,1764756787.495,5,0
C,1764756807.491,4,0
G,1764756826,13.091745,-16.763448333,18.7
S,1764756878.876,1,frequency,150.096,0,
S,1764756878.881,1,lna_gain,1,0,
S,1764756878.886,1,rf_filter,6,0,
S,1764756878.891,1,mixer_gain,1,0,
S,1764756878.897,1,if_filter,0,0,
S,1764756878.903,1,if_gain,0,0,
p1,1764756881.1755,4.807,-63.41,-78.59,15.04
p1,1764756881.1768,-4.356,-63.56,-80.33,16.68
G,1764756886,13.092,-16.76372,14.7
p1,1764756887.9393,2.246,-57.34,-78.24,20.86
p1,1764756887.9398,-6.677,-57.45,-79.24,21.76
p1,1764756889.1078,-3.894,-70,-78.12,7.396
p1,1764756889.1080,3.93,-71.81,-79.43,6.803
G,1764756946,13.092001667,-16.763705,14.7
C,1764756947.497,5,0
C,1764756967.498,4,0
G,1764757006,13.092291667,-16.764183333,18.6
C,1764757058.364,4,0
G,1764757066,13.093953333,-16.764468333,21.6
S,1764757082.179,1,frequency,150.096,0,
S,1764757082.183,1,lna_gain,1,0,
S,1764757082.188,1,rf_filter,6,0,
S,1764757082.193,1,mixer_gain,1,0,
S,1764757082.199,1,if_filter,0,0,
S,1764757082.204,1,if_gain,0,0,
C,1764757107.498,5,0
G,1764757126,13.092628333,-16.766876667,21
C,1764757127.497,4,0
C,1764757147.497,5,0
S,1764757155.121,1,frequency,150.096,0,
S,1764757155.126,1,lna_gain,1,0,
S,1764757155.13,1,rf_filter,6,0,
S,1764757155.136,1,mixer_gain,1,0,
S,1764757155.142,1,if_filter,0,0,
S,1764757155.148,1,if_gain,0,0,
S,1764757157.655,1,frequency,150.096,0,
S,1764757157.659,1,lna_gain,1,0,
S,1764757157.664,1,rf_filter,6,0,
S,1764757157.669,1,mixer_gain,1,0,
S,1764757157.676,1,if_filter,0,0,
S,1764757157.68,1,if_gain,0,0,
C,1764757167.5,4,0
G,1764757186,13.092161667,-16.768708333,20.8
C,1764757207.5,5,0
C,1764757227.504,4,0
G,1764757246,13.092146667,-16.768711667,19.7
C,1764757247.499,5,0
S,1764757279.838,1,frequency,150.096,0,
S,1764757279.863,1,if_gain,0,0,
S,1764757279.843,1,lna_gain,1,0,
S,1764757279.847,1,rf_filter,6,0,
S,1764757279.852,1,mixer_gain,1,0,
S,1764757279.858,1,if_filter,0,0,
p1,1764757282.1913,5.419,-66.05,-86.01,19.92
p1,1764757282.1926,-5.56,-66.74,-81.56,14.68
C,1764757287.502,4,0
p1,1764757291.9868,3.529,-73.28,-81.92,8.002
G,1764757306,13.092156667,-16.768773333,20.9
C,1764757307.502,5,0
C,1764757327.504,4,0
G,1764757366,13.092091667,-16.7689,20
C,1764757367.508,5,0
C,1764757387.506,4,0
G,1764757426,13.092091667,-16.7689,20.1
C,1764757427.513,5,0
C,1764757447.508,4,0
G,1764757486,13.092093333,-16.768901667,20.1
C,1764757527.511,5,0
G,1764757546,13.092093333,-16.768903333,20.2
C,1764757547.509,4,0
C,1764757587.511,5,0
G,1764757606,13.092093333,-16.768903333,20.2
C,1764757607.51,4,0
C,1764757627.511,5,0
C,1764757647.513,4,0
C,1764757658.826,4,0
G,1764757666,13.092093333,-16.7689,20.2
C,1764757687.514,5,0
C,1764757707.514,4,0
G,1764757726,13.092093333,-16.768898333,20
C,1764757747.515,5,0
C,1764757767.514,4,0
G,1764757786,13.09209,-16.768898333,20
C,1764757787.513,5,0
C,1764757807.516,4,0
G,1764757846,13.092088333,-16.768881667,18.7
C,1764757847.518,5,0
C,1764757867.518,4,0
G,1764757906,13.092086667,-16.768876667,18.8
C,1764757907.523,5,0
C,1764757927.519,4,0
C,1764757947.519,5,0
G,1764757966,13.092085,-16.768863333,18.1
C,1764757967.518,4,0
C,1764758007.524,5,0
G,1764758026,13.092083333,-16.768861667,18
C,1764758027.522,4,0
C,1764758067.521,5,0
G,1764758086,13.092085,-16.76886,18.1
C,1764758087.523,4,0
C,1764758107.525,5,0
C,1764758127.523,4,0
G,1764758146,13.092085,-16.768858333,18
C,1764758167.527,5,0
C,1764758187.527,4,0
G,1764758206,13.092085,-16.768858333,17.8
C,1764758227.525,5,0
C,1764758247.517,4,0
C,1764758259.291,4,0
G,1764758266,13.092085,-16.768858333,17.9
C,1764758267.524,5,0
C,1764758287.527,4,0
G,1764758326,13.092085,-16.76886,17.9
C,1764758327.526,5,0
C,1764758347.528,4,0
G,1764758386,13.09209,-16.768866667,18
C,1764758387.519,5,0
C,1764758407.524,4,0
G,1764758446,13.092098333,-16.768873333,17.9
C,1764758487.526,5,0
G,1764758506,13.092106667,-16.768878333,17.9
C,1764758507.529,4,0
C,1764758547.521,5,0
G,1764758566,13.092111667,-16.768885,17.8
C,1764758567.528,4,0
G,1764758626,13.092115,-16.768888333,17.7
C,1764758647.532,5,0
C,1764758667.535,4,0
G,1764758686,13.092116667,-16.768891667,17.7
C,1764758707.536,5,0
C,1764758727.534,4,0
G,1764758746,13.092116667,-16.768895,17.6
C,1764758747.537,5,0
C,1764758767.535,4,0
G,1764758806,13.092115,-16.768898333,17.6
C,1764758807.538,5,0
C,1764758827.541,4,0
S,1764758855.171,1,frequency,150.096,0,
S,1764758855.175,1,lna_gain,1,0,
S,1764758855.18,1,rf_filter,6,0,
S,1764758855.185,1,mixer_gain,1,0,
S,1764758855.19,1,if_filter,0,0,
S,1764758855.196,1,if_gain,0,0,
C,1764758859.742,4,0
G,1764758866,13.092151667,-16.768911667,18.7
C,1764758867.531,5,0
C,1764758887.538,4,0
C,1764758907.54,5,0
G,1764758926,13.091731667,-16.768895,16.2
C,1764758927.54,4,0
C,1764758967.543,5,0
G,1764758986,13.091641667,-16.768905,16.1
C,1764758987.544,4,0
C,1764759027.542,5,0
G,1764759046,13.091621667,-16.768903333,16.3
C,1764759047.545,4,0
C,1764759067.544,5,0
C,1764759087.543,4,0
G,1764759106,13.091611667,-16.768903333,16.3
C,1764759127.544,5,0
C,1764759147.539,4,0
G,1764759166,13.091605,-16.768903333,16.2
C,1764759187.547,5,0
