port, timestamp,snr,signal,noise,ms
p1,1764066117.1009,3.437,-29.69,-64.74,35.05
p1,1764066117.1229,3.442,-29.72,-62.05,32.32
p1,1764066117.2398,3.436,-29.78,-59.3,29.51
p1,1764066117.3717,3.439,-29.67,-62.08,32.41
p1,1764066127.1965,3.443,-32.66,-60.68,28.02
p1,1764066127.2182,3.443,-32.61,-60.7,28.08
p1,1764066127.3354,3.442,-32.43,-67.75,35.31
p1,1764066127.4671,3.441,-32.51,-60.63,28.12
p1,1764066137.2943,3.445,-35.03,-66.12,31.08
p1,1764066137.3162,3.449,-35.37,-69.8,34.43
p1,1764066137.4335,3.448,-37.42,-74.88,37.46
p1,1764066137.5652,3.447,-40.15,-72.59,32.44
p1,1764066147.3931,3.449,-40.84,-75.68,34.84
p1,1764066147.4151,3.452,-41.1,-77.2,36.1
p1,1764066147.5324,3.452,-42.36,-73.38,31.01
p1,1764066147.6641,3.451,-42.67,-76.81,34.14
G,1764066150,13.079813333,-16.769678333,11
p1,1764066157.4920,3.449,-52.82,-79.29,26.46
p1,1764066157.5140,3.453,-53,-77.77,24.75
p1,1764066157.6310,3.449,-52.99,-77,24
p1,1764066157.6312,-4.634,-63.5,-78.89,15.26
p1,1764066157.7630,3.451,-53.02,-78.28,25.24
p1,1764066167.5906,3.447,-59.12,-78.93,19.77
p1,1764066167.6124,-4.63,-69.06,-79.61,10.15
p1,1764066167.6126,3.455,-59.12,-78.75,19.58
p1,1764066167.7296,3.446,-58.37,-78.94,20.53
p1,1764066167.8616,3.455,-58.09,-78.5,20.37
p1,1764066177.6858,3.448,-52.37,-77.61,25.22
p1,1764066177.7078,3.454,-52.35,-78,25.64
p1,1764066177.8250,3.451,-52.27,-78.68,26.4
p1,1764066177.9567,3.451,-51.96,-77.72,25.74
p1,1764066187.7812,3.458,-55.09,-69.49,14.24
p1,1764066187.8032,3.449,-55.48,-69.64,13.99
p1,1764066187.9204,3.462,-55.28,-70.28,14.86
p1,1764066188.0521,3.456,-55.33,-69.32,13.82
p1,1764066197.8780,3.448,-54.86,-69.76,14.76
p1,1764066197.9000,3.461,-55.08,-70.21,15
p1,1764066198.0172,3.45,-54.32,-69.35,14.89
p1,1764066198.1489,3.463,-55.19,-70.49,15.16
p1,1764066207.8697,3.462,-61.98,-70.21,7.513
p1,1764066207.8915,3.466,-61.64,-70.22,7.929
p1,1764066208.0087,3.464,-61.61,-69.81,7.481
p1,1764066208.1407,3.434,-61.42,-70.03,7.96
G,1764066210,13.07996,-16.769541667,12.9
C,1764066212.004,4,0
p1,1764066217.9690,3.457,-55.81,-77.33,21.5
p1,1764066217.9910,3.457,-55.86,-78.5,22.62
p1,1764066218.1082,3.461,-57.29,-78.4,21.07
p1,1764066218.2400,3.453,-58.91,-78.44,19.48
p1,1764066228.0685,3.452,-56.77,-78.67,21.88
p1,1764066228.0905,3.457,-56.65,-78.97,22.29
p1,1764066228.2077,3.46,-57.01,-78.5,21.46
p1,1764066228.3394,3.458,-56.46,-78.95,22.46
C,1764066232.002,5,0
p1,1764066238.1679,3.46,-68.03,-78.79,10.38
p1,1764066238.1900,3.46,-67.77,-79.01,10.91
p1,1764066238.3072,3.476,-69.4,-78.82,8.884
p1,1764066238.4389,3.472,-70.06,-78.77,8.085
p1,1764066248.2674,3.464,-63.19,-78.77,15.45
p1,1764066248.2895,3.466,-62.95,-78.46,15.39
p1,1764066248.4064,3.45,-64.27,-78.66,14.22
p1,1764066248.5382,3.455,-64.39,-78.66,14.1
C,1764066252.005,4,0
p1,1764066258.3667,-4.629,-73.32,-80.54,6.308
p1,1764066258.3670,3.463,-64.01,-78.56,14.4
p1,1764066258.3889,3.464,-63.98,-78.12,13.97
p1,1764066258.5059,3.462,-62.94,-79.24,16.2
p1,1764066258.6377,3.453,-62.54,-78.39,15.74
p1,1764066268.4662,3.459,-64.13,-73.81,9.18
p1,1764066268.4882,3.467,-65.2,-73.66,7.793
p1,1764066268.6054,3.46,-64.54,-74.42,9.41
p1,1764066268.7372,3.481,-64.43,-74.43,9.544
G,1764066270,13.080105,-16.769315,13.5
C,1764066272.005,5,0
p1,1764066278.5874,3.464,-71.48,-78.64,6.241
p1,1764066278.7047,3.463,-70.63,-79.09,7.791
p1,1764066278.8367,3.467,-71.02,-78.86,7.063
p1,1764066288.6652,3.457,-59.02,-78.38,19.31
p1,1764066288.6872,3.454,-59.11,-77.94,18.77
p1,1764066288.8042,3.447,-58.97,-78.1,19.07
p1,1764066288.9362,3.46,-58.84,-78.14,19.25
C,1764066292.005,4,0
p1,1764066298.7647,3.454,-60.83,-77.75,16.83
p1,1764066298.7864,3.467,-60.81,-77.65,16.74
p1,1764066298.9037,3.461,-60.39,-78.06,17.59
p1,1764066299.0354,3.453,-60.48,-77.64,17.07
p1,1764066308.8639,3.457,-61.22,-77.58,16.26
p1,1764066308.8859,3.45,-60.87,-77.72,16.76
p1,1764066309.0032,3.46,-60.8,-77.55,16.66
p1,1764066309.1349,3.458,-61.14,-77.5,16.26
p1,1764066318.9634,3.461,-61.8,-75.72,13.74
p1,1764066318.9854,3.465,-61.71,-76.23,14.36
p1,1764066319.1026,3.461,-61.58,-75.82,14.08
p1,1764066319.2344,3.46,-61.47,-76.25,14.63
C,1764066327.883,4,0
p1,1764066329.0629,3.463,-65.43,-78.56,12.92
p1,1764066329.0849,3.459,-65.65,-77.74,11.81
p1,1764066329.2019,3.455,-65.23,-78.66,13.23
p1,1764066329.3339,3.46,-64.46,-78.1,13.45
G,1764066330,13.08011,-16.769315,13.7
C,1764066332.002,5,0
p1,1764066339.1624,3.434,-68.79,-78.7,9.442
p1,1764066339.1844,3.456,-68.55,-78.32,9.284
p1,1764066339.3014,3.416,-68.01,-78.96,10.59
p1,1764066339.4331,3.455,-68.46,-79.43,10.6
p1,1764066349.2619,3.449,-71.86,-79.08,6.298
p1,1764066349.2836,3.453,-71.55,-78.85,6.406
p1,1764066349.4009,3.471,-71.8,-79.42,6.793
C,1764066352.005,4,0
p1,1764066359.3611,3.462,-69.05,-79.16,9.67
p1,1764066359.3831,3.435,-69.85,-78.67,8.211
p1,1764066359.5003,3.46,-70.09,-78.99,8.304
p1,1764066359.6321,3.432,-69.91,-79.13,8.667
C,1764066372.006,5,0
p1,1764066379.5601,3.462,-68.05,-78.79,10.36
p1,1764066379.5821,3.447,-68.83,-78.66,9.351
p1,1764066379.6991,3.45,-69.22,-78.87,9.152
p1,1764066379.8311,3.443,-68.54,-78.9,9.943
p1,1764066389.6593,3.457,-66.77,-78.67,11.62
p1,1764066389.6813,3.472,-66.23,-78.93,12.46
p1,1764066389.7986,3.445,-66.2,-78.28,11.8
p1,1764066389.9304,3.449,-66.53,-78.41,11.58
G,1764066390,13.08027,-16.769118333,12.8
p1,1764066399.7588,3.443,-68.57,-79.26,10.3
p1,1764066399.7808,3.449,-68.72,-78.66,9.485
p1,1764066399.8981,3.467,-68.12,-79.02,10.53
p1,1764066400.0298,3.466,-68.24,-79.13,10.52
p1,1764066409.8583,3.453,-63.25,-78.41,15.02
p1,1764066409.8803,3.451,-63.15,-79.04,15.78
p1,1764066409.9976,3.45,-63.06,-78.58,15.39
p1,1764066410.1293,3.447,-63.14,-78.53,15.26
C,1764066412.004,4,0
p1,1764066419.9578,3.46,-62.94,-78.27,15.2
p1,1764066419.9796,-4.638,-72.85,-79.87,6.054
p1,1764066419.9798,3.445,-63.21,-78.58,15.25
p1,1764066420.0968,3.449,-63.26,-78.44,15.04
p1,1764066420.2288,3.459,-63.44,-78.14,14.55
p1,1764066430.0571,3.448,-67.1,-78.86,11.46
p1,1764066430.0791,3.453,-67.59,-78.41,10.44
p1,1764066430.1963,3.475,-66.99,-78.85,11.57
p1,1764066430.3281,3.467,-67.08,-78.28,10.86
C,1764066432.005,5,0
p1,1764066450.2560,3.457,-64.47,-78.79,14.16
p1,1764066450.2780,3.445,-64.17,-79.31,15
p1,1764066450.3953,3.465,-64.1,-79,14.76
p1,1764066450.5270,3.457,-64.62,-78.67,13.88
G,1764066450,13.080248333,-16.769128333,12.9
C,1764066452.006,4,0
p1,1764066460.3555,3.473,-66.44,-78.82,12.12
p1,1764066460.3776,3.46,-66.58,-77.93,11.02
p1,1764066460.4945,3.452,-66.8,-78.49,11.39
p1,1764066460.6266,3.474,-66.51,-78.68,11.9
p1,1764066470.4548,3.459,-71.67,-78.94,6.367
p1,1764066470.5940,3.471,-70.07,-78.71,7.995
p1,1764066470.7258,3.458,-69.82,-79.04,8.671
p1,1764066490.6537,3.453,-66.11,-78.59,12.23
p1,1764066490.6758,3.471,-66.59,-78.86,12.01
p1,1764066490.7930,3.457,-66.29,-78.18,11.6
p1,1764066490.9248,3.455,-66.21,-78.7,12.24
C,1764066491.272,5,0
p1,1764066500.7533,3.452,-69.55,-78.67,8.556
p1,1764066500.7753,3.47,-69.97,-78.96,8.399
p1,1764066500.8923,3.455,-69.05,-79.02,9.511
p1,1764066501.0243,3.465,-67.09,-78.57,11.16
p1,1764066510.8528,3.465,-64.65,-78.8,13.98
p1,1764066510.8745,3.46,-64.63,-78.6,13.79
p1,1764066510.9918,3.452,-64.02,-79,14.84
p1,1764066511.1235,3.458,-64.29,-79.52,15.1
G,1764066510,13.08005,-16.769158333,10.7
C,1764066511.272,4,0
p1,1764066520.9520,3.451,-62.97,-79.09,16.01
p1,1764066520.9740,3.448,-63.18,-79.62,16.34
p1,1764066521.0912,3.451,-62.86,-79.59,16.64
p1,1764066521.2230,3.459,-63.26,-78.9,15.51
p1,1764066541.1510,3.444,-63.81,-78.9,14.95
p1,1764066541.1730,3.46,-63.72,-78.42,14.55
p1,1764066541.2900,3.45,-63.5,-78.51,14.87
p1,1764066541.2903,4.634,-73.01,-80.7,6.872
p1,1764066541.4220,3.468,-63.69,-79.19,15.38
C,1764066551.276,5,0
p1,1764066551.2505,3.458,-63.38,-78.95,15.45
p1,1764066551.2722,3.461,-63,-78.73,15.62
p1,1764066551.3895,3.46,-63.21,-78.72,15.38
p1,1764066551.5215,3.46,-63.47,-78.47,14.86
G,1764066570,13.08005,-16.769158333,10.5
C,1764066571.261,4,0
p1,1764066571.4492,3.459,-62.64,-78.77,16.02
p1,1764066571.4712,3.441,-62.89,-78.93,15.93
p1,1764066571.5885,3.464,-63.14,-78.63,15.37
p1,1764066571.7202,3.449,-63.18,-78.88,15.59
p1,1764066581.5487,3.43,-70.35,-78.35,7.244
p1,1764066581.5707,3.447,-69.86,-78.48,7.974
p1,1764066581.6879,3.478,-70.79,-78.62,7.052
p1,1764066581.8197,3.452,-69.31,-78.71,8.87
p1,1764066601.7477,3.455,-67.15,-78.58,11.1
p1,1764066601.7694,3.44,-67.7,-79.1,11.08
p1,1764066601.8867,3.465,-67.62,-79.13,11.2
p1,1764066602.0184,3.477,-68.8,-79.06,9.835
p1,1764066611.8469,3.452,-67.63,-78.78,10.81
p1,1764066611.8689,3.447,-67.68,-78.48,10.42
p1,1764066611.9862,3.468,-67.75,-79.04,10.96
p1,1764066612.1179,3.443,-68.27,-79.17,10.54
p1,1764066621.9464,3.454,-61.89,-78.93,16.95
p1,1764066621.9684,3.452,-62.24,-79.13,16.8
p1,1764066622.0857,3.462,-62.27,-79.02,16.66
p1,1764066622.2174,3.46,-62.32,-79.14,16.73
G,1764066630,13.08005,-16.769408333,11.2
p1,1764066632.0459,3.442,-65.14,-79.75,14.46
p1,1764066632.0679,3.457,-64.5,-79.03,14.37
p1,1764066632.1849,3.444,-65.02,-78.42,13.19
p1,1764066632.3169,3.461,-64.71,-78.62,13.73
p1,1764066642.1454,3.446,-70.41,-79.4,8.402
p1,1764066642.1671,3.444,-70.77,-79.16,7.71
p1,1764066642.2844,3.437,-69.1,-78.65,9.035
p1,1764066642.4164,3.459,-67.86,-78.55,10.31
C,1764066651.272,5,0
p1,1764066652.2446,3.446,-63.74,-79.05,15.18
p1,1764066652.2666,3.445,-63.53,-79.61,15.98
p1,1764066652.3839,3.454,-63.47,-79.37,15.78
p1,1764066652.5156,3.444,-62.43,-79.48,16.96
p1,1764066662.3441,3.449,-50.34,-78.9,28.55
p1,1764066662.3661,3.454,-50.29,-78.5,28.2
p1,1764066662.4834,3.453,-49.97,-77.11,27.13
p1,1764066662.6151,3.45,-49.81,-78.87,29.05
C,1764066671.278,4,0
p1,1764066672.4436,3.45,-43.86,-75.58,31.71
p1,1764066672.4654,3.449,-46.05,-53.05,6.042
p1,1764066672.4656,3.454,-43.68,-72.86,29.18
p1,1764066672.5826,3.448,-42.97,-71.75,28.78
p1,1764066672.7146,3.452,-43.66,-74,30.34
p1,1764066682.5431,3.451,-32.45,-60.55,28.1
p1,1764066682.5649,3.451,-32.5,-61.77,29.26
p1,1764066682.6821,3.45,-30.93,-68.32,37.4
p1,1764066682.8139,3.449,-27.55,-55.61,28.05
G,1764066690,13.079703333,-16.769743333,14.2
p1,1764066692.6424,3.446,-10.58,-42.9,32.31
p1,1764066692.6644,3.45,-10.63,-45.96,35.33
p1,1764066692.7816,3.45,-11.77,-49.81,38.04
p1,1764066692.9134,3.448,-13.77,-48.61,34.84
p1,1764066702.7419,3.462,-3.59,-43.66,40.07
p1,1764066702.7638,3.465,-3.622,-43.09,39.47
p1,1764066702.8811,3.461,-3.276,-33.4,30.12
p1,1764066703.0129,3.457,-3.369,-43.7,40.33
C,1764066711.273,5,0
p1,1764066712.8413,3.478,-2.547,-38.12,35.57
p1,1764066712.8633,3.479,-2.533,-35.61,33.08
p1,1764066712.9804,3.477,-2.581,-31.03,28.44
p1,1764066713.1124,3.474,-2.544,-35.15,32.61
p1,1764066722.9409,3.493,-3.082,-31.35,28.26
p1,1764066722.9626,3.494,-2.85,-31.34,28.49
p1,1764066723.0798,3.493,-3.002,-38.22,35.22
p1,1764066723.2116,3.492,-2.743,-30.49,27.74
C,1764066731.276,4,0
p1,1764066733.0401,3.395,-2.749,-35.51,32.76
p1,1764066733.0621,3.404,-2.699,-38.01,35.31
p1,1764066733.1793,3.395,-2.92,-42.73,39.81
p1,1764066733.3111,3.393,-2.785,-37.37,34.58
p1,1764066743.1396,3.319,-3.24,-40.52,37.28
p1,1764066743.1616,3.34,-3.01,-41.93,38.92
p1,1764066743.2788,3.323,-2.954,-35.39,32.43
p1,1764066743.4106,3.326,-2.771,-41.87,39.1
G,1764066750,13.080151667,-16.769805,13.6
p1,1764066752.2048,-5.889,-68.7,-76.28,6.739
p1,1764066753.2391,3.271,-2.798,-40.63,37.84
p1,1764066753.2611,3.281,-2.86,-38.02,35.16
p1,1764066753.3781,3.283,-2.915,-32.45,29.53
p1,1764066753.3783,-4.632,-14.24,-33.37,19.08
p1,1764066753.5101,3.336,-2.801,-37.29,34.49
p1,1764066763.3386,3.358,-2.815,-35.29,32.48
p1,1764066763.3603,3.371,-5.458,-31.77,26.3
p1,1764066763.3606,3.38,-2.847,-31.82,28.97
p1,1764066763.4776,3.395,-2.691,-34.65,31.96
p1,1764066763.6095,3.401,-2.653,-32.9,30.24
p1,1764066773.4381,3.404,-3.531,-31.47,27.93
p1,1764066773.4598,3.405,-3.712,-33.54,29.83
p1,1764066773.5771,3.405,-8.42,-46.12,37.7
p1,1764066773.7088,3.395,-20.74,-48.51,27.76
p1,1764066783.5373,3.386,-2.762,-34.88,32.12
p1,1764066783.5593,3.399,-2.722,-37.31,34.59
p1,1764066783.6765,3.398,-2.737,-40.48,37.75
p1,1764066783.8083,3.393,-3.08,-38.34,35.25
p1,1764066793.6368,3.432,-24.45,-62.3,37.85
p1,1764066793.6588,3.431,-23.99,-63.38,39.39
p1,1764066793.7760,3.402,-22.89,-55.29,32.39
p1,1764066793.9078,3.421,-39.12,-72.76,33.63
p1,1764066803.7363,3.332,-3.077,-40.2,37.12
p1,1764066803.7583,3.364,-3.034,-37.87,34.84
p1,1764066803.8755,3.346,-3.093,-30.66,27.56
p1,1764066804.0073,3.323,-3.33,-38.33,34.99
G,1764066810,13.080268333,-16.769836667,15.9
C,1764066811.264,5,0
p1,1764066813.8358,3.395,-2.943,-35.38,32.44
p1,1764066813.8575,3.385,-5.674,-32.18,26.5
p1,1764066813.8578,3.391,-3.011,-32.25,29.23
p1,1764066813.9748,3.4,-2.945,-35.12,32.18
p1,1764066814.1068,3.399,-2.999,-33.31,30.3
p1,1764066823.9353,3.419,-2.765,-30.89,28.12
p1,1764066823.9570,3.417,-2.718,-31.86,29.13
p1,1764066824.0743,3.417,-2.887,-40.48,37.6
p1,1764066824.2060,3.437,-2.626,-30.53,27.9
C,1764066831.271,4,0
p1,1764066834.0345,3.393,-29.79,-60.51,30.71
p1,1764066834.0565,3.399,-29.72,-64.53,34.81
p1,1764066834.1738,3.399,-29.3,-68.61,39.31
p1,1764066834.3055,3.396,-28.98,-62.11,33.12
p1,1764066844.1340,3.468,-13.81,-51.95,38.15
p1,1764066844.1560,3.47,-13.73,-53.78,40.04
p1,1764066844.2732,3.472,-13.2,-46.02,32.82
p1,1764066844.4050,3.471,-13.02,-53.36,40.34
p1,1764066854.2335,3.433,-19.37,-59.46,40.09
p1,1764066854.2555,3.437,-19.34,-54.45,35.11
p1,1764066854.3728,3.431,-20.02,-48.38,28.35
p1,1764066854.5045,3.422,-20.37,-58.22,37.85
p1,1764066864.3330,3.445,-31.13,-63.9,32.76
p1,1764066864.3550,3.448,-31.78,-61.98,30.19
p1,1764066864.4720,3.442,-29.42,-59.57,30.14
p1,1764066864.6040,3.446,-29.25,-59.67,30.41
G,1764066870,13.080311667,-16.76981,16.6
C,1764066871.273,5,0
p1,1764066874.4325,3.45,-28.51,-56.92,28.41
p1,1764066874.4542,3.449,-28.1,-56.22,28.11
p1,1764066874.5715,3.449,-29.24,-65.41,36.16
p1,1764066874.7032,3.448,-29.84,-58.19,28.34
p1,1764066884.5317,3.452,-20.04,-50.08,30.03
p1,1764066884.5537,3.456,-19.98,-54.22,34.24
p1,1764066884.6710,3.455,-19.86,-59.83,39.97
p1,1764066884.8027,3.453,-19.67,-52.01,32.33
C,1764066891.274,4,0
p1,1764066894.6312,3.453,-30.9,-68.23,37.33
p1,1764066894.6532,3.456,-30.99,-70.13,39.14
p1,1764066894.7705,3.457,-31.08,-64.62,33.55
p1,1764066894.9022,3.456,-31,-70.25,39.25
p1,1764066904.7307,3.457,-24.18,-64.23,40.05
p1,1764066904.7527,3.461,-24.41,-59.36,34.95
p1,1764066904.8700,3.46,-25.2,-53.65,28.44
p1,1764066905.0017,3.459,-25.69,-63.6,37.9
C,1764066911.275,5,0
p1,1764066914.8302,3.459,-30.59,-62.96,32.37
p1,1764066914.8522,3.462,-30.43,-60.66,30.23
p1,1764066914.9692,3.457,-29.85,-60.09,30.24
p1,1764066915.1012,3.46,-30.27,-60.27,30
p1,1764066924.9297,3.46,-36.32,-64.66,28.33
p1,1764066924.9515,3.46,-36.64,-65.22,28.58
p1,1764066924.9517,3.464,-39.65,-52.83,12.97
p1,1764066925.0687,3.459,-36.36,-72.87,36.51
p1,1764066925.2004,3.458,-37.09,-65.14,28.04
p1,1764066925.2007,3.462,-40.05,-52.9,12.62
C,1764066928.321,5,0
G,1764066930,13.080491667,-16.769681667,15.9
C,1764066931.274,4,0
p1,1764066935.0290,3.458,-43.15,-73.27,30.12
p1,1764066935.0510,3.462,-43.2,-75.35,32.15
p1,1764066935.1682,3.461,-43.42,-77.01,33.59
p1,1764066935.2999,3.461,-43.62,-75.32,31.7
p1,1764066945.1284,3.46,-48.08,-77.87,29.79
p1,1764066945.1504,3.465,-48.01,-77.76,29.75
p1,1764066945.2677,3.463,-48.37,-76.97,28.59
p1,1764066945.3994,3.46,-48.12,-78.09,29.96
p1,1764066955.2279,3.461,-51.08,-77.82,26.73
p1,1764066955.2499,3.462,-51.05,-77.89,26.83
p1,1764066955.3672,3.463,-52.08,-76.26,24.16
p1,1764066955.4989,3.462,-51.72,-77.91,26.18
p1,1764066965.3274,3.465,-53.4,-77.77,24.35
p1,1764066965.3494,3.465,-53.43,-77.73,24.28
p1,1764066965.4664,3.462,-54.4,-77.86,23.43
p1,1764066965.5984,3.466,-54.64,-77.83,23.16
C,1764066971.266,5,0
p1,1764066975.4266,3.467,-57.89,-78.26,20.33
p1,1764066975.4486,3.465,-58.03,-78.39,20.32
p1,1764066975.5659,3.464,-58.15,-78.84,20.66
p1,1764066975.6976,3.466,-57.89,-77.82,19.89
p1,1764066985.5262,3.476,-60.54,-74.44,13.71
p1,1764066985.5482,3.477,-60.57,-73.93,13.15
p1,1764066985.6654,3.473,-60.06,-73.89,13.65
p1,1764066985.7972,3.472,-60.3,-73.59,13.08
G,1764066990,13.080768333,-16.769473333,15.4
C,1764066991.274,4,0
p1,1764066995.6256,3.444,-61.91,-72.5,10.19
p1,1764066995.6477,3.467,-61.99,-71.73,9.251
p1,1764066995.7649,3.473,-61.16,-72.85,11.39
p1,1764066995.8967,3.479,-60.09,-73.52,13.22
p1,1764067005.0649,5.224,-63.26,-72.57,8.772
p1,1764067005.0654,-5.146,-63.55,-72.3,8.132
p1,1764067005.7251,3.483,-62.52,-73.15,10.23
p1,1764067005.7472,3.483,-62.94,-73.55,10.22
p1,1764067005.8644,3.471,-62.28,-73.49,10.87
p1,1764067005.9962,3.469,-62.98,-73.5,10.11
p1,1764067015.8246,3.475,-59.76,-77.61,17.79
p1,1764067015.8466,3.473,-60.08,-77.18,17.02
p1,1764067015.9636,3.473,-59.34,-76.35,16.93
p1,1764067016.0954,3.466,-58.39,-76.13,17.67
p1,1764067025.9239,3.466,-56.7,-78.13,21.4
p1,1764067025.9241,-4.637,-67.13,-79.76,12.39
p1,1764067025.9459,3.477,-56.63,-78.87,22.21
p1,1764067026.0631,3.472,-56.59,-78.39,21.78
p1,1764067026.1949,3.47,-56.69,-78.85,22.13
C,1764067031.276,5,0
p1,1764067036.0234,3.472,-61.24,-78.32,17
p1,1764067036.0454,3.475,-61.36,-78.13,16.68
p1,1764067036.1626,3.472,-61.11,-77.78,16.58
p1,1764067036.2944,3.47,-61.29,-77.64,16.25
p1,1764067046.1229,3.472,-60.52,-78.45,17.86
p1,1764067046.1449,3.477,-60.23,-78.66,18.37
p1,1764067046.2621,3.481,-60.98,-78.41,17.35
p1,1764067046.3939,3.473,-61.03,-78.34,17.24
G,1764067050,13.08096,-16.769386667,17.9
C,1764067051.267,4,0
p1,1764067056.2224,3.476,-63.54,-78.38,14.7
p1,1764067056.2444,3.473,-62.89,-78.77,15.76
p1,1764067056.3614,3.48,-62.97,-78.5,15.41
p1,1764067056.4934,3.477,-63.77,-78.41,14.49
p1,1764067066.3218,3.487,-65.74,-78.32,12.33
p1,1764067066.3436,3.47,-64.9,-79.07,14
p1,1764067066.4609,3.477,-66.21,-77.92,11.41
p1,1764067066.5927,3.468,-66.02,-78.41,12.13
C,1764067071.276,5,0
p1,1764067076.4211,3.465,-66.92,-78.38,11.14
p1,1764067076.4431,3.477,-67.01,-78.2,10.85
p1,1764067076.5604,3.459,-66.28,-78.91,12.38
p1,1764067076.6921,3.471,-66.07,-79.03,12.73
C,1764067091.28,4,0
p1,1764067106.8588,3.454,-69.25,-76.8,6.719
G,1764067110,13.081221667,-16.769235,21.1
p1,1764067116.8188,3.451,-69.25,-76.93,6.871
p1,1764067116.9581,3.488,-69.86,-77.45,6.759
p1,1764067117.0898,3.482,-69.41,-76.84,6.563
p1,1764067126.9403,3.498,-69.34,-77.24,7.14
p1,1764067127.0576,3.437,-69.28,-76.59,6.417
C,1764067131.277,5,0
p1,1764067137.0178,3.483,-69.58,-77.19,6.794
p1,1764067137.0398,3.471,-69.13,-76.66,6.688
p1,1764067137.2888,3.487,-69.31,-76.63,6.428
p1,1764067147.1173,3.466,-69.02,-76.36,6.446
C,1764067151.28,4,0
G,1764067170,13.081335,-16.769171667,19.9
C,1764067191.281,5,0
C,1764067211.279,4,0
p1,1764067217.8133,3.451,-70.61,-78.28,6.848
p1,1764067217.8353,3.468,-70.84,-78.16,6.438
p1,1764067217.9525,3.456,-70.35,-78.75,7.72
p1,1764067218.0843,3.473,-70.69,-78.5,7.016
p1,1764067227.9127,3.466,-68.9,-78.81,9.44
p1,1764067227.9348,3.473,-68.51,-78.34,9.352
p1,1764067228.0520,3.49,-68.13,-78.88,10.37
p1,1764067228.1838,3.457,-67.95,-78.05,9.653
G,1764067230,13.081483333,-16.769088333,20
C,1764067231.279,5,0
p1,1764067238.0122,3.466,-69.48,-77.92,7.764
p1,1764067238.0342,3.481,-69.66,-77.66,7.257
p1,1764067238.1513,3.477,-69.32,-77.92,7.955
p1,1764067238.2832,3.474,-70.39,-77.9,6.658
p1,1764067248.1118,3.486,-70.89,-78.03,6.202
p1,1764067248.1338,3.457,-69.69,-77.91,7.513
p1,1764067248.2508,3.484,-70.1,-77.81,6.899
p1,1764067248.3827,3.479,-70,-77.63,6.803
C,1764067251.28,4,0
p1,1764067258.2110,3.465,-69.82,-78.68,8.255
p1,1764067258.2332,3.477,-69.93,-78.83,8.295
p1,1764067258.3502,3.475,-69.18,-78.27,8.513
p1,1764067258.4822,3.458,-69.62,-78.71,8.523
G,1764067290,13.081738333,-16.768911667,14.5
C,1764067291.273,5,0
p1,1764067295.7070,4.188,-68.6,-77.88,8.733
p1,1764067295.7072,-6.806,-69.75,-78.46,8.083
C,1764067311.282,4,0
C,1764067331.283,5,0
p1,1764067344.0347,3.817,-70.01,-77.26,6.347
p1,1764067349.3984,-5.576,-67.21,-77.33,9.676
p1,1764067349.3987,1.39,-69.29,-76.36,6.124
G,1764067350,13.082043333,-16.768705,10.1
C,1764067371.283,4,0
C,1764067392.003,5,0
G,1764067410,13.08204,-16.768708333,10.1
p1,1764067417.3931,1.952,-62.85,-76.63,13.59
p1,1764067417.5676,5.662,-66.14,-79.12,12.75
p1,1764067417.5679,5.618,-64.62,-77.94,13.11
C,1764067432.005,4,0
p1,1764067441.8424,4.594,-67.67,-79.5,11.54
p1,1764067441.8426,-4.434,-66.02,-78.94,12.7
p1,1764067442.5384,3.734,-66.96,-78.34,11.06
p1,1764067446.8484,3.124,-62.43,-78.57,16.03
p1,1764067446.8496,-3.726,-63.28,-79.59,16.2
C,1764067452.005,5,0
p1,1764067457.4921,-3.374,-68.63,-78.01,8.849
G,1764067470,13.081858333,-16.768828333,11.1
C,1764067472.005,4,0
p1,1764067505.0118,2.479,-67.8,-75.02,6.301
C,1764067512.004,5,0
C,1764067528.783,5,0
G,1764067530,13.081645,-16.768973333,13.3
C,1764067532.003,4,0
p1,1764067542.0223,-4.4,-70.56,-78.23,6.854
p1,1764067551.5610,-3.533,-67.4,-77.57,9.74
p1,1764067551.5613,-7.19,-68.63,-79.4,10.39
p1,1764067551.5800,-4.741,-66.93,-74.77,7.053
p1,1764067552.3890,2.257,-67.35,-76.97,9.112
p1,1764067553.4085,5.587,-69.43,-79.58,9.707
p1,1764067553.4090,2.607,-69.08,-77.65,7.921
p1,1764067553.4758,2.239,-67.92,-75.82,7.125
p1,1764067553.4935,-5.797,-70.8,-77.89,6.146
p1,1764067561.4653,3.474,-72.29,-79.28,6.02
p1,1764067571.2938,3.486,-71.63,-79.6,7.205
C,1764067572.006,5,0
G,1764067590,13.081378333,-16.76913,15.7
p1,1764067591.4928,3.491,-69.09,-78.71,9.122
p1,1764067591.5145,3.487,-69.36,-78.81,8.921
p1,1764067591.6318,3.471,-69.38,-79.18,9.321
p1,1764067591.7638,3.458,-68.9,-78.79,9.41
C,1764067592.007,4,0
p1,1764067601.5920,3.499,-70.93,-78.75,7.032
p1,1764067603.8673,-6.937,-65.86,-73.06,6.279
p1,1764067603.8690,-3.869,-65,-73.04,7.301
p1,1764067611.9625,3.469,-67.91,-75.91,7.256
C,1764067612.004,5,0
p1,1764067621.7910,3.475,-70.03,-78.37,7.656
p1,1764067621.8130,3.496,-69.41,-78.35,8.351
p1,1764067621.9300,3.48,-69.15,-78.07,8.327
p1,1764067622.0620,3.469,-69.3,-78.64,8.799
p1,1764067631.8905,3.485,-69.27,-77.43,7.436
p1,1764067631.9125,3.477,-69.82,-77.59,6.978
C,1764067632.006,4,0
p1,1764067632.1612,3.48,-69.34,-77.45,7.379
p1,1764067641.9900,3.465,-69.95,-78.82,8.265
p1,1764067642.0117,3.478,-69.79,-78.6,8.202
p1,1764067642.1290,3.463,-69.67,-79.18,8.989
p1,1764067644.7247,-2.296,-65.92,-76.88,10.6
p1,1764067644.7855,-5.235,-64.7,-76.79,11.81
p1,1764067644.8910,5.463,-64.55,-75.14,10.19
p1,1764067645.0625,7.049,-64.7,-73.03,7.64
p1,1764067645.1225,-2.398,-67.36,-78.29,10.56
p1,1764067645.3237,4.8,-68.68,-77.74,8.486
p1,1764067645.6032,-2.731,-67.64,-74.95,6.417
p1,1764067645.6632,4.486,-69.82,-77.15,6.446
p1,1764067645.6635,-4.781,-67.57,-75.78,7.497
p1,1764067645.7515,5.528,-71.57,-78.58,6.044
p1,1764067645.7842,-7.143,-67.96,-75.76,7.018
p1,1764067645.8700,-2.734,-65.94,-73.54,6.763
p1,1764067646.2045,5.241,-67.24,-74.58,6.451
p1,1764067646.2047,5.191,-67.14,-75.7,7.915
p1,1764067646.4210,-6.748,-62.74,-70.45,6.903
p1,1764067646.5092,-5.463,-60.48,-70.45,9.518
p1,1764067646.5095,-5.477,-61.38,-71.37,9.527
p1,1764067646.5512,-7.62,-63.43,-74.59,10.81
p1,1764067646.5597,-3.155,-65.42,-72.8,6.506
p1,1764067646.6670,2.656,-62.98,-70.41,6.564
p1,1764067646.6675,4.416,-64.54,-71.53,6.019
p1,1764067646.6720,-4.677,-62.23,-70.86,7.994
p1,1764067646.7722,3.942,-71.97,-79.34,6.485
p1,1764067646.7725,3.944,-69.43,-77.23,7.02
p1,1764067647.1472,3.785,-64.91,-76.1,10.84
p1,1764067647.1722,-4.072,-66.77,-74.47,6.896
p1,1764067647.1737,2.32,-64.93,-73.35,7.753
p1,1764067647.5612,5.26,-71,-78.33,6.436
p1,1764067647.5622,4.692,-70.76,-79.69,8.337
p1,1764067647.6287,-6.942,-71.5,-79.47,7.22
p1,1764067647.6290,-2.632,-70.65,-78.64,7.24
p1,1764067647.8017,-5.171,-69.41,-76.58,6.24
p1,1764067648.7775,-4.295,-72.72,-80.35,6.809
p1,1764067648.7777,-2.945,-70.75,-78.93,7.463
p1,1764067648.7927,-5.495,-68.54,-77.57,8.454
p1,1764067648.9895,-3.332,-69.41,-77.39,7.232
G,1764067650,13.08128,-16.769201667,15.8
p1,1764067652.6550,-3.135,-67.43,-74.85,6.546
p1,1764067652.6572,5.565,-67.97,-76,7.284
p1,1764067652.8437,-6.815,-67.93,-76.93,8.416
p1,1764067653.3570,-5.288,-70.36,-77.48,6.182
p1,1764067653.9010,5.618,-69.95,-79.73,9.295
p1,1764067659.0587,-2.76,-68.14,-75.19,6.103
p1,1764067660.7992,-3.33,-70.02,-77.06,6.084
p1,1764067661.3520,4.661,-69.48,-76.8,6.43
p1,1764067662.1887,3.461,-66.81,-74.41,6.768
p1,1764067662.4597,3.489,-67.43,-78.89,11.14
p1,1764067663.3937,-4.658,-67.51,-79.03,11.2
p1,1764067663.3942,-4.715,-67.28,-77.07,9.3
p1,1764067663.5590,3.781,-67.26,-77.28,9.568
p1,1764067668.6190,-5.765,-68.15,-76.31,7.431
p1,1764067669.7205,5.254,-72.25,-79.35,6.155
p1,1764067671.9127,-5.891,-72.72,-79.8,6.127
p1,1764067671.9400,5.784,-69.24,-76.33,6.147
C,1764067672.004,5,0
p1,1764067672.2882,3.476,-64.67,-73.31,8.001
p1,1764067672.3102,3.467,-65.65,-74.35,8.075
p1,1764067676.4737,7.687,-71.81,-78.81,6.041
p1,1764067682.3877,3.485,-63,-79.08,15.98
p1,1764067682.4097,3.484,-62.14,-78.98,16.74
p1,1764067682.5270,3.468,-64.51,-76.39,11.59
p1,1764067682.6587,3.485,-64.42,-73.97,9.038
p1,1764067683.7002,-4.28,-70.17,-77.44,6.361
C,1764067692.005,4,0
p1,1764067692.4872,3.479,-60.85,-79.61,18.7
p1,1764067692.5092,3.487,-61.34,-74.3,12.73
p1,1764067697.6132,5.843,-69.53,-77.28,6.955
p1,1764067701.1422,-5.388,-69.46,-76.48,6.061
p1,1764067702.0004,-4.664,-70.97,-78.05,6.144
p1,1764067702.5867,3.481,-58.56,-78.91,20.31
p1,1764067702.6087,3.486,-58.48,-78.41,19.89
p1,1764067702.7257,3.482,-59.3,-77.91,18.56
p1,1764067704.8164,-3.158,-69.99,-77,6.037
p1,1764067707.7907,3.953,-70.7,-78.17,6.614
p1,1764067707.7914,-2.876,-68.18,-77.26,8.513
G,1764067710,13.08076,-16.769526667,15.1
p1,1764067711.4327,-3.429,-69.32,-76.33,6.048
p1,1764067711.7044,5.564,-69.88,-77.1,6.304
p1,1764067712.6859,3.501,-59.36,-68.39,8.454
p1,1764067712.7082,3.486,-58.77,-68.47,9.209
p1,1764067712.8252,3.477,-59.61,-68.72,8.54
p1,1764067712.9569,3.483,-58.35,-73.48,14.99
p1,1764067712.9572,4.626,-67.68,-75.22,6.694
p1,1764067714.4584,-5.036,-71.44,-79.48,7.299
p1,1764067715.5884,-2.715,-70.79,-79.08,7.6
p1,1764067719.2254,2.558,-70.89,-77.92,6.075
p1,1764067719.2259,-6.765,-72.6,-79.69,6.146
p1,1764067721.4344,7.527,-71.79,-79.17,6.498
p1,1764067722.7854,3.478,-51.78,-76.71,24.91
p1,1764067722.8074,3.481,-51.43,-75.1,23.65
p1,1764067722.9247,3.484,-55.79,-69.51,13.53
p1,1764067723.0564,3.495,-55.63,-69.65,13.84
p1,1764067725.5857,-3.522,-64.68,-72.01,6.452
p1,1764067725.5884,-5.611,-64.78,-71.95,6.238
p1,1764067725.5899,6.466,-66.84,-73.91,6.123
p1,1764067725.6264,-4.617,-65.5,-73.63,7.399
p1,1764067725.7082,-3.082,-63.52,-72.04,7.855
p1,1764067725.7089,4.306,-64.75,-72.23,6.626
p1,1764067725.7962,3.375,-70.7,-78.7,7.247
p1,1764067725.7967,3.855,-70.06,-77.89,7.057
p1,1764067725.9289,4.853,-63.31,-71.03,6.911
p1,1764067726.6964,2.822,-59.63,-69.67,9.585
p1,1764067726.6969,-5.921,-60.73,-70.35,9.116
C,1764067732.005,5,0
p1,1764067732.8849,3.481,-49.58,-76.33,26.75
p1,1764067732.9069,3.484,-49.66,-77.13,27.46
p1,1764067733.0242,3.483,-49.61,-76.43,26.81
p1,1764067733.1559,3.482,-50.03,-76.53,26.49
p1,1764067742.9844,3.483,-50.96,-78,27.04
p1,1764067743.0064,3.485,-51.3,-77.23,25.92
p1,1764067743.1237,3.484,-50.34,-75.51,25.16
p1,1764067743.2554,3.483,-50.14,-78.41,28.26
C,1764067752.004,4,0
p1,1764067753.0839,3.483,-51.19,-77.26,26.06
p1,1764067753.1059,3.487,-51.14,-77.01,25.86
p1,1764067753.2229,3.483,-51.43,-76.5,25.06
p1,1764067753.3549,3.484,-51.66,-76.95,25.28
p1,1764067763.1834,3.485,-49.95,-75.61,25.64
p1,1764067763.2052,3.484,-49.96,-75.01,25.04
p1,1764067763.3224,3.482,-50.01,-77.99,27.98
p1,1764067763.4542,3.481,-50.68,-75.13,24.43
G,1764067770,13.080643333,-16.769566667,15.7
C,1764067772.002,5,0
p1,1764067773.2826,3.483,-49.99,-76.88,26.88
p1,1764067773.3046,3.485,-50.03,-77.55,27.51
p1,1764067773.4219,3.486,-50.15,-77.48,27.32
p1,1764067773.5536,3.484,-50.96,-76.85,25.88
p1,1764067783.3821,3.484,-51.47,-77.78,26.3
p1,1764067783.4041,3.486,-50.96,-77.54,26.57
p1,1764067783.5214,3.482,-51.52,-77.33,25.8
p1,1764067783.6532,3.485,-50.98,-77.73,26.74
C,1764067792.006,4,0
p1,1764067793.4816,3.484,-50.36,-77.84,27.47
p1,1764067793.5036,3.485,-50.57,-77.66,27.09
p1,1764067793.6209,3.486,-50.81,-75.12,24.29
p1,1764067793.7526,3.486,-50.8,-77.35,26.54
p1,1764067800.5986,-2.633,-69.7,-77.32,6.803
p1,1764067801.5746,-5.144,-66.37,-76.74,9.951
p1,1764067801.5949,-6.844,-71.24,-80.43,8.624
p1,1764067803.5811,3.483,-54.59,-77.7,23.09
p1,1764067803.6031,3.484,-54.44,-77.48,23.01
p1,1764067803.7201,3.483,-52.55,-76.89,24.33
p1,1764067803.8521,3.485,-51.04,-76.41,25.36
p1,1764067804.8294,2.727,-66.87,-78.86,11.71
p1,1764067804.8296,6.977,-69.85,-80.87,10.66
p1,1764067813.6806,3.484,-46.36,-74.23,27.86
p1,1764067813.7024,3.483,-46.27,-73.5,27.22
p1,1764067813.8196,3.483,-45.9,-76.69,30.79
p1,1764067813.9516,3.484,-46.01,-72.85,26.84
p1,1764067823.7799,3.481,-39.23,-69.07,29.84
p1,1764067823.8019,3.484,-39.14,-71.19,32.05
p1,1764067823.9191,3.484,-38.71,-75.77,37.06
p1,1764067824.0509,3.483,-38.82,-70.75,31.92
G,1764067830,13.080408333,-16.769703333,16.8
C,1764067832.007,5,0
p1,1764067833.8793,3.482,-28.36,-64.13,35.77
p1,1764067833.9013,3.485,-28.19,-68.04,39.85
p1,1764067834.0186,3.485,-28.54,-63.66,35.12
p1,1764067834.1504,3.484,-28.61,-66.95,38.34
p1,1764067841.1776,5.122,-67.42,-75.31,7.12
p1,1764067841.2109,2.477,-67.62,-76.95,8.79
p1,1764067841.2111,-7.555,-68.43,-79.78,11.02
p1,1764067841.7631,-5.07,-66.98,-75.47,7.829
p1,1764067841.7638,-5.186,-65.83,-74.47,8.001
p1,1764067841.9804,-5.269,-65.66,-73.35,6.882
p1,1764067842.0074,2.815,-61.71,-71.33,9.123
p1,1764067842.0259,-2.621,-64.46,-72.66,7.482
p1,1764067842.0261,-6.756,-65.5,-74,7.841
p1,1764067842.4079,-5.234,-58.2,-67.37,8.608
p1,1764067842.4086,-3.888,-59.47,-68.2,8.116
p1,1764067842.4261,-2.639,-61.63,-72.63,10.65
p1,1764067842.6909,4.429,-70.68,-77.96,6.375
p1,1764067843.9788,3.485,-22.15,-62.25,40.1
p1,1764067844.0009,3.487,-21.92,-57.51,35.58
p1,1764067844.1181,3.486,-22.18,-50.54,28.36
p1,1764067844.2498,3.485,-22.48,-60.54,38.06
p1,1764067846.2451,-2.685,-62.99,-73.21,9.794
C,1764067852.008,4,0
p1,1764067854.0783,3.486,-44.31,-74.9,30.58
p1,1764067854.1003,3.487,-44.88,-73.81,28.93
p1,1764067854.2173,3.483,-47.39,-74.93,27.53
p1,1764067854.3494,3.485,-46.79,-74.95,28.16
p1,1764067864.1776,4.643,-66.31,-79.98,13.48
p1,1764067864.1778,3.484,-56.17,-77.17,20.97
p1,1764067864.1996,3.483,-56.03,-78.37,22.32
p1,1764067864.3168,3.485,-56.51,-79.11,22.58
p1,1764067864.4486,3.484,-57.07,-78.56,21.47
C,1764067872.004,5,0
p1,1764067874.2771,3.488,-58.33,-78.72,20.34
p1,1764067874.2991,3.486,-58.58,-78.67,20.05
p1,1764067874.4163,3.488,-58.82,-79.2,20.34
p1,1764067874.5481,3.489,-58.34,-78.89,20.51
p1,1764067884.3766,3.485,-51.76,-78.26,26.49
p1,1764067884.3986,3.489,-51.77,-78.61,26.82
p1,1764067884.5158,3.487,-51.95,-77.55,25.58
p1,1764067884.6476,3.485,-52.57,-78.3,25.72
G,1764067890,13.07995,-16.769965,16.4
p1,1764067894.4760,3.484,-45.99,-76.85,30.86
p1,1764067894.4981,3.486,-45.98,-75.61,29.63
p1,1764067894.6151,3.484,-46.13,-72.83,26.69
p1,1764067894.7471,3.487,-46.15,-76.03,29.87
p1,1764067904.5756,3.485,-46.72,-74.55,27.83
p1,1764067904.5976,3.487,-46.79,-73.24,26.44
p1,1764067904.7146,3.484,-46.67,-76.19,29.52
p1,1764067904.8466,3.485,-46.78,-73.17,26.39
C,1764067912.004,4,0
p1,1764067914.6748,3.483,-47.23,-73.53,26.29
p1,1764067914.6968,3.485,-47.16,-74.88,27.71
p1,1764067914.8140,3.484,-47.24,-77.51,30.26
p1,1764067914.9458,3.484,-46.84,-74.43,27.58
p1,1764067924.7743,3.481,-48.39,-78.07,29.67
p1,1764067924.7963,3.485,-48.37,-78.37,29.99
p1,1764067924.9135,3.484,-48.37,-78.17,29.8
p1,1764067925.0453,3.485,-48.44,-78,29.55
C,1764067932.009,5,0
p1,1764067934.8738,3.486,-56.76,-79.3,22.51
p1,1764067934.8958,3.486,-56.4,-78.78,22.35
p1,1764067935.0131,3.481,-56.11,-77.9,21.76
p1,1764067935.1448,3.485,-55.12,-78.71,23.58
p1,1764067944.9733,3.481,-55.52,-78.46,22.91
p1,1764067944.9953,3.48,-55.49,-78.16,22.64
p1,1764067945.1123,3.48,-54.77,-78.03,23.24
p1,1764067945.2443,3.482,-54.18,-78.51,24.31
G,1764067950,13.079901667,-16.769805,15.5
C,1764067952.006,4,0
p1,1764067955.0728,3.479,-63,-78.59,15.48
p1,1764067955.0945,3.475,-62.94,-78.25,15.18
p1,1764067955.2118,3.475,-62.73,-78.75,15.91
p1,1764067955.3435,3.479,-62.21,-78.72,16.41
p1,1764067955.3438,4.636,-71.29,-80.54,8.71
p1,1764067965.1720,3.478,-52.19,-77.57,25.37
p1,1764067965.1940,3.481,-52.18,-77.96,25.77
p1,1764067965.3113,3.48,-52.11,-79.29,27.17
p1,1764067965.4430,3.479,-52.09,-78.1,26
p1,1764067975.2715,3.477,-52.1,-78.28,26.17
p1,1764067975.2935,3.482,-52.17,-78.04,25.86
p1,1764067975.4108,3.482,-52.12,-78.59,26.46
p1,1764067975.5425,3.481,-52.05,-78.23,26.17
p1,1764067985.3710,3.478,-52.28,-78.72,26.43
p1,1764067985.3930,3.484,-52.29,-78.88,26.58
p1,1764067985.5103,3.48,-52.16,-76.92,24.75
p1,1764067985.6420,3.481,-51.72,-78.77,27.04
C,1764067992.006,5,0
p1,1764067995.4705,3.484,-63.54,-78.97,15.29
p1,1764067995.4925,3.489,-63.36,-78.43,14.93
p1,1764067995.6095,3.474,-63.11,-78.97,15.75
p1,1764067995.7415,3.484,-65.91,-78.51,12.36
p1,1764068005.2680,-4.035,-70.81,-79.3,7.825
p1,1764068005.2695,-7.605,-70.67,-81.1,10.02
p1,1764068005.5700,3.483,-46.35,-73.38,27.03
p1,1764068005.5917,3.482,-46.42,-75.25,28.83
p1,1764068005.7090,3.481,-46.5,-77.98,31.48
p1,1764068005.8407,3.481,-46.15,-72.93,26.77
G,1764068010,13.07993,-16.76986,14.1
C,1764068012.002,4,0
p1,1764068015.6692,3.476,-56.74,-78.74,21.98
p1,1764068015.6912,3.477,-56.63,-78.95,22.3
p1,1764068015.8085,3.481,-56.03,-79.1,23.04
p1,1764068015.9403,3.48,-55.34,-78.48,23.12
p1,1764068025.7687,3.472,-55.81,-78.58,22.75
p1,1764068025.7907,3.477,-55.6,-78.98,23.36
p1,1764068025.9080,3.476,-55.52,-78.55,23.02
p1,1764068026.0397,3.478,-55.27,-78.9,23.61
p1,1764068035.8682,3.472,-54.39,-78.45,24.04
p1,1764068035.8902,3.478,-54.36,-78.92,24.54
p1,1764068036.0075,3.48,-54.25,-78.4,24.13
p1,1764068036.1392,3.478,-54.78,-79.09,24.29
p1,1764068046.1067,3.473,-70.97,-79.07,7.368
p1,1764068046.2387,3.475,-68.01,-79.13,10.77
C,1764068052.006,5,0
p1,1764068056.0672,3.484,-61.43,-79.01,17.51
p1,1764068056.0890,4.641,-71.73,-80.72,8.415
p1,1764068056.0892,3.477,-61.87,-78.74,16.78
p1,1764068056.2062,3.474,-61.33,-78.91,17.51
p1,1764068056.3382,3.481,-61.48,-78.86,17.29
p1,1764068066.1665,3.485,-67.34,-79.03,11.39
p1,1764068066.1885,3.475,-67.48,-78.75,10.93
p1,1764068066.3057,3.481,-67.13,-78.44,10.98
p1,1764068066.4375,3.474,-67.91,-79.33,11.09
G,1764068070,13.079641667,-16.770215,14.6
C,1764068072.004,4,0
p1,1764068075.2242,2.355,-70.21,-78.06,7.08
p1,1764068076.2659,3.481,-62.85,-78.72,15.75
p1,1764068076.2880,3.478,-63.08,-78.9,15.71
p1,1764068076.4052,3.479,-62.26,-78.46,16.1
p1,1764068076.5370,3.478,-62.18,-78.34,16.06
p1,1764068086.3654,3.475,-59.24,-76.77,17.45
p1,1764068086.3874,3.485,-59.13,-76.44,17.23
p1,1764068086.5047,3.477,-59.25,-77.07,17.74
p1,1764068086.6364,3.476,-59.7,-77.09,17.31
C,1764068092.005,5,0
p1,1764068106.5644,3.464,-66.95,-78.51,11.24
p1,1764068106.5862,3.478,-66.44,-78.49,11.77
p1,1764068106.7034,3.476,-66.37,-79.12,12.51
p1,1764068106.8354,3.459,-66.34,-78.5,11.89
C,1764068112.004,4,0
p1,1764068116.6637,3.483,-66.27,-77.17,10.53
p1,1764068116.6857,3.476,-66.4,-77.05,10.26
p1,1764068116.8029,3.473,-66.48,-77.61,10.78
p1,1764068116.9347,3.483,-65.77,-77.62,11.56
p1,1764068126.7632,3.482,-61.3,-77.83,16.43
p1,1764068126.7852,3.483,-61.34,-77.67,16.23
p1,1764068126.9024,3.482,-61.13,-78.3,17.08
p1,1764068127.0342,3.473,-61.01,-78.57,17.48
C,1764068129.195,4,0
G,1764068130,13.079636667,-16.770236667,14.7
p1,1764068136.8626,3.476,-60.41,-76.74,16.22
p1,1764068136.8847,3.476,-60.38,-76.41,15.91
p1,1764068137.0019,3.479,-60.88,-76.97,15.98
p1,1764068137.1337,3.477,-60.89,-77.23,16.24
p1,1764068146.9621,3.468,-61.08,-73.24,11.89
p1,1764068146.9841,3.473,-61.44,-73.19,11.46
p1,1764068147.1011,3.478,-61.03,-74.43,13.2
p1,1764068147.2331,3.476,-61.17,-74.97,13.61
C,1764068152.005,5,0
p1,1764068157.0616,3.478,-66.89,-75.49,7.952
p1,1764068157.0837,3.481,-67.05,-76.7,9.151
p1,1764068157.2007,3.481,-67.12,-76.19,8.492
p1,1764068157.3324,3.476,-66.41,-76.66,9.818
p1,1764068167.1609,3.478,-67.32,-78.47,10.81
p1,1764068167.1829,3.493,-67.51,-78.76,10.91
p1,1764068167.3001,3.485,-68.2,-77.24,8.45
p1,1764068167.4319,3.476,-67.91,-77.42,8.996
C,1764068172.005,4,0
p1,1764068177.2604,3.464,-66.87,-78.84,11.69
p1,1764068177.2824,3.481,-66.25,-79.69,13.25
p1,1764068177.3996,3.468,-65.95,-79.74,13.6
p1,1764068177.5314,3.465,-65.67,-79.6,13.75
p1,1764068187.3599,3.486,-66.54,-78.74,11.93
p1,1764068187.3819,3.482,-66.71,-78.74,11.75
p1,1764068187.4991,3.476,-67.29,-78.96,11.36
p1,1764068187.6309,3.47,-67.4,-78.92,11.21
G,1764068190,13.079556667,-16.770211667,15.4
p1,1764068197.4594,3.47,-70.62,-79.17,7.902
p1,1764068197.4814,3.471,-69.91,-78.29,7.705
p1,1764068197.5984,3.477,-69.82,-78.72,8.307
p1,1764068197.7304,3.452,-70.23,-78.68,7.776
p1,1764068207.5589,3.468,-64.69,-78.86,13.99
p1,1764068207.5806,3.476,-64.73,-78.88,13.99
p1,1764068207.6979,3.468,-64.46,-79.19,14.58
p1,1764068207.8296,3.472,-64.16,-78.76,14.45
C,1764068212.004,5,0
p1,1764068226.7371,-3.394,-72.23,-79.29,6.108
p1,1764068227.7576,3.474,-66.06,-79.14,12.86
p1,1764068227.7796,3.474,-66.03,-79.46,13.22
p1,1764068227.8969,3.476,-68.49,-78.53,9.586
p1,1764068228.0286,3.478,-69.17,-79.15,9.518
C,1764068232.005,4,0
p1,1764068237.8571,3.46,-69.61,-78.58,8.386
p1,1764068237.8791,3.484,-70.17,-79.01,8.236
p1,1764068237.9964,3.486,-69.78,-79.28,8.978
p1,1764068238.1279,3.48,-71.8,-79.8,7.246
p1,1764068241.4636,3.487,-68.61,-76.63,7.268
p1,1764068247.9566,3.509,-71.11,-78.31,6.284
G,1764068250,13.079485,-16.770306667,14.8
C,1764068252.002,5,0
C,1764068272.005,4,0
p1,1764068308.5531,3.449,-67.12,-76.48,8.817
p1,1764068308.5751,3.475,-66.31,-76.98,10.28
p1,1764068308.6923,3.464,-66.09,-76.46,9.952
p1,1764068308.8241,3.469,-65.21,-76.78,11.26
G,1764068310,13.079491667,-16.770308333,15.1
C,1764068312.005,5,0
p1,1764068318.6526,3.469,-63.21,-77.87,14.5
p1,1764068318.6746,3.477,-63.91,-77.13,13.01
p1,1764068318.7918,3.478,-63.41,-77.12,13.52
p1,1764068318.9236,3.473,-63.74,-76.9,12.94
p1,1764068328.7521,3.475,-64.78,-78.65,13.69
p1,1764068328.7741,3.484,-64.52,-78.6,13.91
p1,1764068328.8913,3.48,-63.55,-78.79,15.11
p1,1764068329.0230,3.479,-63.08,-77.96,14.74
C,1764068332.006,4,0
p1,1764068338.8515,3.481,-66.52,-78.84,12.05
p1,1764068338.8735,3.483,-66.13,-78.57,12.19
p1,1764068338.9905,3.457,-66.18,-78.45,12
p1,1764068339.1225,3.469,-65.81,-78.65,12.61
p1,1764068359.0503,3.481,-69.03,-78.03,8.411
p1,1764068359.0723,3.477,-69.4,-78.05,8.014
p1,1764068359.1893,3.464,-69.5,-77.55,7.303
p1,1764068359.3213,3.477,-68.43,-77.77,8.804
p1,1764068369.1498,3.438,-69.95,-77.93,7.229
p1,1764068369.2890,3.463,-69.86,-77.98,7.395
p1,1764068369.4208,3.485,-70.03,-77.45,6.562
G,1764068370,13.079548333,-16.77019,14.6
C,1764068372.005,5,0
p1,1764068379.2490,3.469,-68.84,-77.17,7.64
p1,1764068379.2713,3.475,-68.41,-77.92,8.997
p1,1764068379.3882,3.47,-69.07,-77.47,7.728
p1,1764068379.5200,3.475,-68.93,-78,8.5
p1,1764068389.3488,3.478,-67.82,-77.61,9.312
p1,1764068389.3705,3.48,-68.73,-77.49,8.147
p1,1764068389.4878,3.489,-68.06,-77.57,8.989
p1,1764068389.6197,3.469,-68.68,-77.52,8.234
C,1764068392.011,4,0
p1,1764068399.4480,3.465,-70.32,-77.38,6.116
p1,1764068399.4703,3.478,-69.86,-77.66,7.011
p1,1764068399.7193,3.479,-69.77,-77.38,6.772
p1,1764068409.5475,3.476,-69.81,-78.04,7.526
p1,1764068409.5695,3.464,-68.78,-77.41,7.996
p1,1764068409.6867,3.495,-69.48,-77.59,7.381
p1,1764068409.8188,3.484,-69.04,-77.84,8.177
p1,1764068419.6470,3.469,-69.98,-77.88,7.131
p1,1764068419.6690,3.48,-70.31,-77.86,6.705
p1,1764068419.7862,3.466,-70.35,-77.64,6.401
p1,1764068419.9180,3.464,-69.98,-77.86,7.111
p1,1764068429.7465,3.487,-68.56,-78.08,9.006
p1,1764068429.7685,3.487,-69.48,-77.87,7.704
p1,1764068429.8857,3.466,-69.51,-77.59,7.355
p1,1764068430.0175,3.476,-68.46,-78.08,9.11
G,1764068430,13.079548333,-16.770186667,14.5
p1,1764068470.1442,3.411,-65.05,-77.38,12.07
p1,1764068470.1662,3.43,-64.93,-77.51,12.33
p1,1764068470.2835,3.42,-65.14,-77.82,12.44
p1,1764068470.4152,3.423,-65.6,-77.73,11.86
C,1764068472.004,5,0
p1,1764068480.2437,3.387,-57.54,-77.15,19.56
p1,1764068480.2657,3.4,-57.04,-77.24,20.16
p1,1764068480.3827,3.4,-55.99,-77.83,21.81
p1,1764068480.5147,3.395,-55.26,-76.83,21.54
p1,1764068490.3432,3.39,-47.36,-74.71,27.34
p1,1764068490.3649,3.395,-47.32,-73.27,25.94
p1,1764068490.4822,3.393,-47.45,-76.05,28.59
p1,1764068490.6142,3.399,-48.25,-74.28,26.02
G,1764068490,13.079545,-16.770181667,13.6
C,1764068492.006,4,0
p1,1764068500.4424,3.41,-45.1,-72.87,27.76
p1,1764068500.4645,3.415,-45.81,-74.83,29.01
p1,1764068500.5817,3.427,-51.28,-77.46,26.17
p1,1764068500.7134,3.428,-51.51,-76.01,24.48
p1,1764068510.5419,3.261,-15.37,-50.48,35.11
p1,1764068510.5640,3.271,-15.42,-52.92,37.51
p1,1764068510.6812,3.264,-15.93,-50.61,34.68
p1,1764068510.8129,3.266,-16.74,-54.54,37.8
p1,1764068520.6414,3.376,-47.71,-77.05,29.33
p1,1764068520.6634,3.382,-47.75,-77.22,29.46
p1,1764068520.7807,3.375,-47.77,-75.05,27.27
p1,1764068520.9124,3.357,-46.88,-76.82,29.94
p1,1764068530.7409,3.418,-58.54,-78.01,19.42
p1,1764068530.7629,3.422,-58.47,-77.81,19.29
p1,1764068530.8799,3.409,-58.17,-77.47,19.25
p1,1764068531.0119,3.421,-57.79,-77.29,19.45
C,1764068532.005,5,0
p1,1764068540.8404,3.434,-56.03,-77.74,21.69
p1,1764068540.8622,3.438,-55.57,-76.46,20.86
p1,1764068540.8624,-4.633,-66.18,-79.28,12.89
p1,1764068540.9794,3.438,-54.55,-76.92,22.35
p1,1764068541.1114,3.438,-53.76,-76.5,22.72
p1,1764068550.9396,3.44,-55.1,-77.07,21.95
p1,1764068550.9616,3.445,-54.92,-77.64,22.7
p1,1764068551.0789,3.442,-54.52,-77.97,23.42
p1,1764068551.2107,3.443,-54.09,-77.34,23.24
G,1764068550,13.079543333,-16.77018,13.1
C,1764068552.002,4,0
p1,1764068561.0392,3.449,-53.1,-77.13,24.02
p1,1764068561.0612,3.454,-53.16,-77.39,24.21
p1,1764068561.1784,3.456,-53.7,-77.16,23.44
p1,1764068561.3101,3.449,-53.58,-77.89,24.29
p1,1764068571.1386,3.458,-55.82,-78.04,22.2
p1,1764068571.1607,3.464,-56.02,-77.51,21.46
p1,1764068571.2779,3.461,-56.55,-77.3,20.71
p1,1764068571.4097,3.452,-57.23,-77.97,20.7
C,1764068572.004,5,0
p1,1764068581.2382,3.463,-59.65,-77.33,17.6
p1,1764068581.2602,3.464,-59.73,-76.9,17.08
p1,1764068581.3772,3.464,-60.94,-77.88,16.86
p1,1764068581.5091,3.466,-62.39,-77.55,15.03
p1,1764068591.3374,3.472,-46.97,-73.28,26.31
p1,1764068591.3594,3.474,-46.92,-74.45,27.51
p1,1764068591.4766,3.475,-46.37,-76.89,30.51
p1,1764068591.6084,3.474,-46.13,-74.1,27.96
C,1764068592.005,4,0
p1,1764068601.4369,3.469,-29.27,-63.69,34.42
p1,1764068601.4589,3.476,-29.39,-67.04,37.65
p1,1764068601.5761,3.475,-34.45,-70.23,35.78
p1,1764068601.7079,3.44,-35.89,-72.09,36.19
G,1764068610,13.079543333,-16.770178333,13.1
p1,1764068611.5364,3.487,-35.64,-73.39,37.76
p1,1764068611.5584,3.49,-35.01,-71.89,36.87
p1,1764068611.6756,3.485,-35.53,-65.15,29.61
p1,1764068611.8074,3.467,-36.04,-72.09,36.05
p1,1764068621.6359,3.461,-42.01,-73.62,31.61
p1,1764068621.6579,3.464,-41.97,-70.88,28.91
p1,1764068621.7749,3.461,-41.26,-70.24,28.98
p1,1764068621.7751,3.464,-43.87,-53.02,8.58
p1,1764068621.9069,3.464,-40.54,-71.02,30.47
p1,1764068631.7354,3.496,-39.77,-67.66,27.87
p1,1764068631.7571,3.496,-39.77,-69,29.22
p1,1764068631.8744,3.495,-39.83,-74.23,34.39
C,1764068632.004,5,0
p1,1764068632.0061,3.495,-39.79,-67.6,27.8
p1,1764068641.8346,3.493,-34.81,-66.98,32.16
p1,1764068641.8566,3.496,-34.72,-70.37,35.66
p1,1764068641.9739,3.496,-34.68,-72,37.32
p1,1764068642.1056,3.495,-34.82,-69.4,34.58
p1,1764068651.9341,3.399,-39.77,-75.22,35.44
p1,1764068651.9561,3.405,-39.28,-75.14,35.86
C,1764068652.006,4,0
p1,1764068652.0734,3.408,-37.61,-67.23,29.62
p1,1764068652.2051,3.391,-39.52,-75.41,35.89
p1,1764068662.0336,3.453,-50.47,-76.5,26.02
p1,1764068662.0556,3.439,-52.71,-76.54,23.81
p1,1764068662.1726,3.4,-44.81,-71.99,27.17
p1,1764068662.3046,3.401,-46.19,-74.4,28.21
G,1764068670,13.079545,-16.770176667,13
p1,1764068672.1331,3.378,-42.25,-70.72,28.47
p1,1764068672.1548,3.39,-42.33,-69.73,27.39
p1,1764068672.1551,3.399,-44.56,-53.06,7.839
p1,1764068672.2721,3.396,-41.05,-73.73,32.68
p1,1764068672.4038,3.4,-39.6,-52.89,13.09
p1,1764068672.4041,3.404,-37.21,-64.5,27.28
p1,1764068678.6023,5.048,-72.64,-79.67,6.066
p1,1764068682.2324,3.452,-37.11,-66.96,29.85
p1,1764068682.2543,3.456,-37.1,-69.04,31.94
p1,1764068682.3716,3.455,-37.15,-74.25,37.1
p1,1764068682.5034,3.454,-37.17,-69.24,32.06
C,1764068692.005,5,0
p1,1764068692.3318,3.459,-38.5,-72.57,34.08
p1,1764068692.3538,3.463,-38.5,-74.53,36.03
p1,1764068692.4711,3.463,-38.44,-71.61,33.17
p1,1764068692.6028,3.462,-38.85,-74.49,35.64
p1,1764068702.4313,3.465,-37.84,-72.42,34.58
p1,1764068702.4533,3.467,-37.75,-69.88,32.13
p1,1764068702.5703,3.462,-40.43,-52.66,11.96
p1,1764068702.5706,3.466,-37.55,-65.32,27.76
p1,1764068702.7023,3.466,-38.2,-71.23,33.03
C,1764068712.004,4,0
p1,1764068712.5308,3.468,-34.35,-66.43,32.07
p1,1764068712.5528,3.471,-34.3,-63.95,29.65
p1,1764068712.6698,3.467,-34.16,-65.88,31.72
p1,1764068712.8018,3.47,-34.08,-63.99,29.91
p1,1764068722.6301,3.468,-35.69,-63.27,27.58
p1,1764068722.6521,3.472,-35.68,-65.45,29.77
p1,1764068722.7693,3.471,-35.89,-71.25,35.36
p1,1764068722.9011,3.47,-35.59,-65.22,29.62
C,1764068729.628,4,0
G,1764068730,13.079548333,-16.770178333,12.5
C,1764068732.004,5,0
p1,1764068732.3798,-6.728,-72.59,-79.67,6.138
p1,1764068732.7296,3.472,-34.77,-66.54,31.77
p1,1764068732.7516,3.475,-34.73,-70.1,35.38
p1,1764068732.8688,3.467,-37.28,-70.29,33.01
p1,1764068733.0006,3.473,-35.95,-67.58,31.62
p1,1764068742.8291,3.466,-39.08,-68.35,29.26
p1,1764068742.8511,3.478,-33.76,-66.82,33.05
p1,1764068742.9683,3.478,-34.83,-63.31,28.47
p1,1764068743.1001,3.477,-34.99,-66.25,31.26
p1,1764068743.3720,2.276,-66.07,-73.63,6.722
p1,1764068743.3723,3.959,-70.69,-78.57,7.109
p1,1764068749.5153,2.632,-63.7,-70.78,6.131
C,1764068752.006,4,0
p1,1764068752.9285,3.477,-42,-72.43,30.43
p1,1764068752.9505,3.48,-42.18,-71.37,29.18
p1,1764068753.0676,3.474,-43.69,-69.71,26.01
p1,1764068753.1995,3.478,-43.86,-71.37,27.5
p1,1764068753.7223,2.623,-65.42,-73.15,6.927
p1,1764068763.0278,3.476,-45.1,-52.74,6.818
p1,1764068763.0280,3.48,-42.63,-68.92,26.28
p1,1764068763.0498,3.479,-42.61,-69.44,26.82
p1,1764068763.1670,3.479,-42.07,-72.1,30.02
p1,1764068763.2988,3.477,-42,-68.09,26.07
p1,1764068763.2990,3.48,-44.53,-52.63,7.366
p1,1764068773.1273,3.479,-43.75,-70.79,27.03
p1,1764068773.1493,3.482,-43.85,-72.74,28.89
p1,1764068773.2665,3.48,-43.93,-73.72,29.78
p1,1764068773.3983,3.478,-45.5,-71.71,26.2
p1,1764068783.2268,3.481,-50.54,-74.61,24.05
p1,1764068783.2488,3.484,-50.56,-75.24,24.66
p1,1764068783.3660,3.483,-50.36,-74.66,24.29
p1,1764068783.4978,3.483,-50.09,-75.14,25.04
G,1764068790,13.079555,-16.770188333,12.4
C,1764068792.004,5,0
p1,1764068793.3263,3.486,-59.07,-76.39,17.24
p1,1764068793.3483,3.485,-59.3,-76.28,16.89
p1,1764068793.4653,-4.647,-71.06,-79.93,8.26
p1,1764068793.4655,3.486,-61.47,-76.26,14.64
p1,1764068793.5973,3.478,-63.25,-76.14,12.67
p1,1764068803.4258,3.487,-50,-75.32,25.31
p1,1764068803.4478,3.488,-50.1,-74.71,24.59
p1,1764068803.5648,3.485,-50.16,-75.89,25.73
p1,1764068803.6968,3.486,-50.55,-74.77,24.2
C,1764068812.004,4,0
p1,1764068813.5250,3.482,-50.22,-74.85,24.62
p1,1764068813.5470,3.485,-50.53,-75.97,25.43
p1,1764068813.6643,3.486,-53.28,-76.53,23.23
p1,1764068813.7960,3.482,-54.93,-75.97,21
p1,1764068823.6245,3.484,-48.37,-75.98,27.6
p1,1764068823.6465,3.488,-48.31,-76.15,27.83
p1,1764068823.7638,3.486,-48.69,-76.17,27.47
p1,1764068823.8955,3.484,-48.81,-75.9,27.08
p1,1764068833.7240,3.486,-48.35,-75.88,27.53
p1,1764068833.7460,3.488,-48.15,-75.37,27.22
p1,1764068833.8632,3.488,-46.99,-72.41,25.41
p1,1764068833.9950,3.486,-46.22,-75.37,29.15
p1,1764068843.8235,3.488,-50.96,-75.76,24.78
p1,1764068843.8455,3.488,-50.91,-74.73,23.81
p1,1764068843.9625,3.485,-50.2,-74.87,24.66
p1,1764068844.0945,3.486,-49.31,-74.48,25.16
G,1764068850,13.079558333,-16.770181667,12.1
C,1764068852.003,5,0
p1,1764068853.9230,3.487,-45.82,-72.25,26.42
p1,1764068853.9447,3.487,-45.93,-73.19,27.26
p1,1764068854.0620,3.486,-46.39,-75.17,28.78
p1,1764068854.1937,3.486,-46.96,-72.42,25.44
p1,1764068864.0222,3.486,-50.1,-75.32,25.21
p1,1764068864.0442,3.488,-49.83,-76.15,26.31
p1,1764068864.1615,3.488,-50.46,-76.47,26
p1,1764068864.2932,3.488,-50.74,-76.05,25.3
C,1764068872.006,4,0
p1,1764068874.1217,3.488,-52.13,-76.41,24.26
p1,1764068874.1437,3.489,-52.54,-76.15,23.6
p1,1764068874.2610,3.487,-55.66,-75.75,20.05
p1,1764068874.3927,3.489,-56.75,-76.27,19.47
p1,1764068884.2212,3.488,-44.57,-75.28,30.71
p1,1764068884.2432,3.49,-44.59,-74.18,29.58
p1,1764068884.3602,3.486,-44.37,-71.3,26.92
p1,1764068884.4922,3.488,-44.17,-73.69,29.52
C,1764068892.005,5,0
p1,1764068894.3207,3.489,-46.26,-73.21,26.94
p1,1764068894.3425,3.488,-46.32,-72.71,26.39
p1,1764068894.4597,3.488,-46.14,-75.14,28.99
p1,1764068894.5915,3.486,-46.12,-71.75,25.61
p1,1764068894.5917,-4.64,-56.25,-74.49,18.18
p1,1764068904.4199,3.488,-59.06,-76.39,17.24
p1,1764068904.4420,3.488,-57.94,-76.55,18.55
p1,1764068904.5592,3.491,-54.62,-76.2,21.55
p1,1764068904.6909,3.487,-52.41,-75.46,23.03
G,1764068910,13.079543333,-16.770178333,12.2
C,1764068912.005,4,0
p1,1764068914.5194,3.485,-48.45,-75.67,27.21
p1,1764068914.5415,3.488,-48.4,-75.78,27.37
p1,1764068914.6587,3.488,-47.85,-74.44,26.58
p1,1764068914.7904,3.488,-47.32,-75.37,28.05
p1,1764068924.6189,3.487,-49.34,-76.2,26.84
p1,1764068924.6409,3.49,-49.26,-75.91,26.64
p1,1764068924.7579,3.484,-49.03,-73.59,24.55
p1,1764068924.8899,3.489,-48.94,-75.63,26.68
p1,1764068934.7185,3.488,-51.85,-75.31,23.43
p1,1764068934.7404,3.491,-52.01,-74.41,22.38
p1,1764068934.8574,3.488,-51.97,-75.91,23.92
p1,1764068934.9895,3.487,-52.96,-75.6,22.61
p1,1764068944.8177,3.485,-50.21,-74.3,24.07
p1,1764068944.8397,3.491,-50.48,-75.24,24.74
p1,1764068944.9569,3.486,-50.85,-75.83,24.97
p1,1764068945.0887,3.486,-49.69,-74.51,24.8
C,1764068952.007,5,0
p1,1764068954.9172,3.487,-46.02,-74.86,28.84
p1,1764068954.9392,3.49,-45.91,-75.38,29.46
p1,1764068955.0564,3.49,-46.16,-75.53,29.37
p1,1764068955.1882,3.488,-46.38,-75.97,29.58
p1,1764068965.0167,3.489,-45.53,-75.5,29.97
p1,1764068965.0387,3.491,-45.47,-74.15,28.68
p1,1764068965.1559,3.49,-45.43,-71.89,26.45
p1,1764068965.2877,3.489,-45.25,-75.47,30.22
G,1764068970,13.079545,-16.770176667,12.4
C,1764068972.005,4,0
p1,1764068975.1161,3.49,-45.85,-73.81,27.95
p1,1764068975.1382,3.492,-45.86,-72.33,26.46
p1,1764068975.2552,3.489,-46.41,-74.14,27.73
p1,1764068975.3872,3.491,-47.33,-73.33,25.98
p1,1764068985.2154,3.488,-44.83,-71.56,26.72
p1,1764068985.2374,3.49,-44.77,-72.15,27.37
p1,1764068985.3547,3.49,-44.24,-75,30.76
p1,1764068985.4864,3.489,-43.9,-72.11,28.2
p1,1764068995.3149,3.488,-46.13,-74.63,28.5
p1,1764068995.3369,3.491,-46.01,-75.31,29.3
p1,1764068995.4542,3.489,-46.33,-75.34,29.01
p1,1764068995.5859,3.49,-46.38,-75.57,29.18
p1,1764069005.4144,3.489,-45.99,-75.7,29.7
p1,1764069005.4364,3.492,-46,-74.69,28.68
p1,1764069005.5536,3.491,-45.98,-73.18,27.19
p1,1764069005.6854,3.49,-45.86,-75.71,29.85
C,1764069012.002,5,0
p1,1764069015.5139,3.488,-49.04,-75.44,26.39
p1,1764069015.5359,3.492,-49.11,-74.76,25.63
p1,1764069015.6529,3.489,-49.46,-74.3,24.83
p1,1764069015.7849,3.491,-49.46,-75.53,26.07
p1,1764069025.6134,3.489,-45.88,-72.06,26.18
p1,1764069025.6351,3.491,-45.9,-72.9,26.99
p1,1764069025.7524,3.49,-46.14,-74.93,28.78
p1,1764069025.8841,3.489,-46.21,-72.03,25.81
G,1764069030,13.079535,-16.770171667,13.8
C,1764069032.007,4,0
p1,1764069035.7126,3.489,-46.97,-74.33,27.36
p1,1764069035.7346,3.489,-46.9,-75.19,28.27
p1,1764069035.8519,3.49,-47.63,-75.62,27.98
p1,1764069035.9836,3.49,-48.66,-75.4,26.73
p1,1764069045.8121,3.488,-45.6,-75.53,29.92
p1,1764069045.8341,3.492,-45.63,-75.39,29.75
p1,1764069045.9514,3.491,-45.91,-73.45,27.53
p1,1764069046.0831,3.489,-46.33,-75.57,29.24
C,1764069052.005,5,0
p1,1764069055.9116,3.489,-49.71,-75.66,25.95
p1,1764069055.9336,3.493,-50.02,-75.22,25.19
p1,1764069056.0506,3.488,-51.65,-74.64,22.96
p1,1764069056.1826,3.491,-54.01,-75.7,21.65
p1,1764069066.0111,3.491,-55.88,-75.52,19.6
p1,1764069066.0329,3.489,-56.31,-75.71,19.35
p1,1764069066.1501,3.491,-58.8,-75.68,16.79
p1,1764069066.2819,4.643,-65,-78.54,13.34
p1,1764069066.2821,3.491,-54.7,-75.45,20.72
C,1764069072.006,4,0
p1,1764069076.1103,3.489,-47.17,-73.45,26.27
p1,1764069076.1324,3.492,-47.2,-75.02,27.81
p1,1764069076.2496,3.491,-47.1,-75.84,28.73
p1,1764069076.3814,3.489,-46.81,-74.33,27.51
p1,1764069086.2098,3.49,-46.92,-75.4,28.47
p1,1764069086.2318,3.492,-46.91,-75.94,29.03
p1,1764069086.3491,3.491,-47.03,-74.34,27.3
p1,1764069086.4808,3.49,-47,-75.64,28.64
G,1764069090,13.079525,-16.770181667,12.8
p1,1764069096.3093,3.492,-46.59,-75.04,28.45
p1,1764069096.3313,3.493,-46.59,-74.55,27.95
p1,1764069096.4483,3.489,-46.35,-72.4,26.04
p1,1764069096.5803,3.493,-45.97,-74.08,28.1
p1,1764069106.4088,3.491,-46.18,-72.17,25.98
p1,1764069106.4306,3.491,-46.16,-71.88,25.71
p1,1764069106.5478,3.49,-46.11,-75.22,29.11
p1,1764069106.6796,3.489,-46.14,-71.76,25.61
C,1764069112.004,5,0
p1,1764069116.5081,3.49,-45.29,-73.39,28.09
p1,1764069116.5301,3.492,-45.21,-74.67,29.45
p1,1764069116.6473,3.492,-45.26,-75.44,30.17
p1,1764069116.7791,3.49,-45.6,-74.54,28.93
p1,1764069126.6076,3.492,-43.94,-75.46,31.52
p1,1764069126.6296,3.494,-43.95,-75.26,31.31
p1,1764069126.7468,3.493,-43.88,-73.05,29.16
p1,1764069126.8786,3.492,-43.96,-75.12,31.15
C,1764069132.005,4,0
p1,1764069136.7071,3.493,-50.25,-75.65,25.38
p1,1764069136.7291,3.494,-49.76,-75.32,25.55
p1,1764069136.8461,3.49,-46.89,-72.26,25.36
p1,1764069136.9781,3.494,-44.55,-73.75,29.2
p1,1764069146.8066,3.493,-43.66,-70.48,26.81
p1,1764069146.8283,3.493,-43.55,-70.45,26.89
p1,1764069146.9456,3.494,-43.08,-73.99,30.91
p1,1764069147.0773,3.493,-43.14,-69.89,26.73
G,1764069150,13.079525,-16.77018,13.2
C,1764069152.002,5,0
p1,1764069156.9058,3.492,-48.76,-74.65,25.88
p1,1764069156.9278,3.494,-48.55,-74.78,26.22
p1,1764069157.0450,3.494,-46.07,-75.11,29.03
p1,1764069157.1768,3.492,-43.26,-74.09,30.82
p1,1764069167.0053,3.492,-41.88,-75.11,33.23
p1,1764069167.0273,3.495,-41.77,-75.35,33.58
p1,1764069167.1443,3.492,-44.26,-52.9,7.992
p1,1764069167.1446,3.495,-41.31,-70.96,29.64
p1,1764069167.2763,3.494,-40.59,-75.19,34.59
p1,1764069177.1048,3.494,-48.9,-75.59,26.68
p1,1764069177.1268,3.497,-48.86,-75.16,26.29
p1,1764069177.2438,3.493,-47.47,-73.16,25.68
p1,1764069177.3758,3.495,-46.69,-74.57,27.87
p1,1764069187.2043,3.494,-43.5,-70.43,26.93
p1,1764069187.2261,3.494,-43.54,-70.52,26.97
p1,1764069187.3433,3.493,-43.76,-74.64,30.88
p1,1764069187.4750,3.492,-43.93,-71.2,27.26
C,1764069191.312,4,0
p1,1764069197.3035,3.492,-44.44,-73.45,29.01
p1,1764069197.3255,3.494,-44.42,-74.64,30.22
p1,1764069197.4428,3.495,-44.27,-74.63,30.36
p1,1764069197.5745,3.494,-44.23,-74.59,30.35
p1,1764069207.4030,3.493,-42.81,-74.97,32.16
p1,1764069207.4250,3.495,-42.83,-75.32,32.49
p1,1764069207.5420,3.492,-45.65,-52.94,6.404
p1,1764069207.5423,3.495,-43.07,-71.24,28.16
p1,1764069207.6740,3.494,-43.19,-75.43,32.24
G,1764069210,13.079513333,-16.77017,14.5
C,1764069211.312,5,0
p1,1764069217.5025,3.492,-44.38,-74.22,29.83
p1,1764069217.5245,3.496,-44.4,-73.33,28.93
p1,1764069217.6415,3.492,-44.34,-72.33,27.99
p1,1764069217.7735,3.495,-44.32,-73.81,29.49
p1,1764069227.6020,3.494,-51.82,-74.92,23.09
p1,1764069227.6238,3.495,-51.25,-74.45,23.18
p1,1764069227.7410,3.494,-50.12,-76.19,26.06
p1,1764069227.8728,3.492,-50.49,-74.32,23.81
C,1764069231.314,4,0
p1,1764069237.7013,3.493,-45.65,-73.7,28.05
p1,1764069237.7233,3.495,-45.67,-74.26,28.58
p1,1764069237.8405,3.495,-46.32,-75.36,29.04
p1,1764069237.9723,3.494,-47.66,-74.91,27.24
p1,1764069247.8007,3.493,-42.75,-75.57,32.82
p1,1764069247.8227,3.496,-42.73,-74.95,32.22
p1,1764069247.9400,3.495,-42.43,-70.93,28.49
p1,1764069248.0717,3.495,-42.19,-75.45,33.26
p1,1764069257.9002,3.494,-49.62,-75.59,25.96
p1,1764069257.9222,3.495,-49.95,-74.58,24.61
p1,1764069258.0393,3.494,-52.22,-75.81,23.57
p1,1764069258.1712,3.496,-50.16,-76.01,25.84
p1,1764069267.9997,3.494,-42.64,-70.05,27.41
p1,1764069268.0215,3.495,-42.59,-70.36,27.77
p1,1764069268.1388,3.495,-42.4,-74.7,32.3
p1,1764069268.2705,3.493,-42.95,-69.71,26.74
p1,1764069268.2707,3.496,-45.54,-53.05,6.668
G,1764069270,13.079475,-16.770171667,13.4
C,1764069271.314,5,0
p1,1764069278.0990,3.493,-42.21,-71.96,29.75
p1,1764069278.1210,3.496,-42.22,-74.51,32.28
p1,1764069278.2382,3.495,-42.76,-74.98,32.22
p1,1764069278.3700,3.494,-43.32,-74.08,30.75
p1,1764069288.1985,3.493,-46.43,-76.29,29.86
p1,1764069288.2205,3.495,-46.49,-75.54,29.05
p1,1764069288.3377,3.496,-46.76,-73.54,26.78
p1,1764069288.4695,3.497,-47.08,-76.36,29.28
C,1764069291.306,4,0
p1,1764069298.2980,3.495,-46.92,-75.33,28.4
p1,1764069298.3200,3.497,-46.95,-73.26,26.3
p1,1764069298.4370,3.495,-47.71,-73.71,25.98
p1,1764069298.5690,3.496,-48.49,-74.47,25.97
p1,1764069308.3975,3.494,-46.66,-72.41,25.74
p1,1764069308.4192,3.493,-46.6,-73.46,26.85
p1,1764069308.5365,3.494,-46.62,-76.29,29.67
p1,1764069308.6682,3.494,-50.3,-74.25,23.93
p1,1764069318.4967,3.494,-53.25,-75.35,22.08
p1,1764069318.5187,3.494,-53.08,-76.04,22.94
p1,1764069318.6360,3.495,-52.33,-76.42,24.08
p1,1764069318.7677,3.495,-54.28,-75.84,21.52
p1,1764069328.5962,3.492,-48.11,-75.71,27.6
p1,1764069328.6182,3.496,-47.69,-75.75,28.05
p1,1764069328.7355,3.496,-46.41,-73.57,27.15
p1,1764069328.8672,3.494,-46.58,-75.69,29.1
C,1764069330.068,4,0
G,1764069330,13.079476667,-16.77017,14.2
C,1764069331.314,5,0
p1,1764069338.6957,3.494,-46.49,-75.02,28.52
p1,1764069338.7177,3.496,-46.7,-73.95,27.24
p1,1764069338.8347,3.494,-47.33,-73.89,26.55
p1,1764069338.9667,3.495,-47.77,-74.45,26.67
p1,1764069348.7952,3.495,-54.36,-75.16,20.76
p1,1764069348.8169,3.492,-53.89,-74.96,21.03
p1,1764069348.9342,3.493,-51.01,-76.04,25.01
p1,1764069349.0659,3.493,-50.06,-75.15,25.08
C,1764069351.315,4,0
p1,1764069358.8945,3.491,-47.46,-75.47,28.01
p1,1764069358.9164,3.499,-47.52,-76.2,28.67
p1,1764069359.0337,3.495,-48.39,-76,27.6
p1,1764069359.1654,3.496,-49.43,-76.44,27.01
p1,1764069368.9939,3.493,-46.43,-76.19,29.76
p1,1764069369.0159,3.496,-46.46,-75.98,29.51
p1,1764069369.1332,3.494,-46.88,-72.76,25.86
p1,1764069369.2649,3.495,-46.99,-75.7,28.7
C,1764069371.315,5,0
p1,1764069379.0934,3.494,-45.55,-74.25,28.7
p1,1764069379.1154,3.496,-45.67,-73.16,27.48
p1,1764069379.2324,3.493,-45.77,-73.57,27.79
p1,1764069379.3644,3.494,-46.01,-73.54,27.52
p1,1764069389.1927,3.491,-49.65,-73.65,23.98
p1,1764069389.2147,3.494,-49.79,-75.31,25.51
p1,1764069389.3319,3.492,-49.58,-76.24,26.65
p1,1764069389.4637,3.492,-49.83,-74.28,24.43
G,1764069390,13.079476667,-16.770175,14
C,1764069391.305,4,0
p1,1764069399.2922,3.492,-47.32,-74.98,27.64
p1,1764069399.3142,3.495,-46.71,-75.66,28.95
p1,1764069399.4314,3.494,-44.5,-74.52,30.02
p1,1764069399.5632,3.493,-44.07,-75.17,31.1
p1,1764069409.3916,3.492,-50.21,-76,25.78
p1,1764069409.4137,3.495,-50.12,-75.79,25.66
p1,1764069409.5309,3.495,-50.31,-74.32,23.99
p1,1764069409.6627,3.495,-50.08,-76,25.91
p1,1764069419.4911,3.494,-51.44,-75.75,24.29
p1,1764069419.5132,3.494,-51.44,-74.84,23.38
p1,1764069419.6302,3.495,-50.83,-75.22,24.37
p1,1764069419.7622,3.495,-50.17,-74.56,24.38
p1,1764069429.5904,3.497,-40.09,-68.04,27.94
p1,1764069429.5906,3.498,-43.21,-52.94,9.241
p1,1764069429.6124,3.499,-40.27,-70.2,29.92
p1,1764069429.7296,3.498,-41.8,-75.62,33.82
p1,1764069429.8614,3.497,-44.42,-72.33,27.9
C,1764069431.315,5,0
p1,1764069439.6899,3.483,-33.58,-67.61,34.03
p1,1764069439.7119,3.486,-33.63,-71.41,37.78
p1,1764069439.8291,3.503,-33.63,-67.83,34.2
p1,1764069439.9609,3.514,-34.66,-70.95,36.29
p1,1764069449.7894,3.497,-37.32,-72.96,35.63
p1,1764069449.8114,3.499,-37.57,-71.08,33.5
p1,1764069449.9286,3.477,-44.53,-71.29,26.74
p1,1764069450.0604,3.478,-43.86,-74.56,30.7
G,1764069450,13.079495,-16.770173333,14
C,1764069451.315,4,0
p1,1764069459.8889,3.467,-36.73,-66.72,29.98
p1,1764069459.9106,3.466,-39.72,-52.71,12.77
p1,1764069459.9109,3.47,-36.72,-64.86,28.13
p1,1764069460.0279,3.462,-35.64,-67.45,31.8
p1,1764069460.1599,3.453,-32.74,-60.86,28.12
p1,1764069469.9881,3.43,-29.02,-58.28,29.25
p1,1764069470.0101,3.435,-28.72,-61.12,32.4
p1,1764069470.1274,3.434,-27.14,-66.39,39.25
p1,1764069470.2591,3.432,-26.35,-57.96,31.61
p1,1764069480.0876,3.432,-4.921,-40.54,35.62
p1,1764069480.1096,3.441,-3.845,-43.97,40.12
p1,1764069480.2269,3.438,-3.398,-37.96,34.56
p1,1764069480.3586,3.442,-2.736,-40.46,37.73
p1,1764069490.1871,3.478,-2.667,-40.7,38.03
p1,1764069490.2091,3.481,-2.717,-37.43,34.71
p1,1764069490.3264,3.48,-2.782,-30.98,28.19
p1,1764069490.4581,3.482,-2.971,-38.79,35.82
C,1764069491.316,5,0
p1,1764069500.2866,3.491,-2.662,-33.7,31.04
p1,1764069500.3086,3.493,-2.655,-30.88,28.22
p1,1764069500.4256,3.489,-2.551,-35.18,32.62
p1,1764069500.5576,3.489,-2.544,-31.16,28.61
G,1764069510,13.079498333,-16.770178333,14.8
C,1764069511.316,4,0
