port, timestamp,snr,signal,noise,ms
C,1764411199.588,4,0
G,1764411215,13.079961667,-16.769911667,18.5
p1,1764411240.2084,3.456,-70.06,-80.16,9.648
p1,1764411240.3404,3.49,-62.26,-79.39,17.05
G,1764411275,13.079958333,-16.769913333,18.4
C,1764411275.716,5,0
C,1764411295.715,4,0
p1,1764411310.7653,3.445,-71.89,-79.73,7.058
p1,1764411310.7873,3.466,-72.44,-80.01,6.734
p1,1764411320.8648,3.472,-63.9,-79.97,15.97
p1,1764411320.8868,3.472,-63.18,-79.87,16.6
p1,1764411321.0038,3.474,-64.19,-79.84,15.53
p1,1764411321.1358,3.476,-63.69,-79.5,15.7
p1,1764411330.9643,3.472,-60.64,-79.39,18.69
p1,1764411330.9861,3.465,-60.29,-78.73,18.38
p1,1764411330.9863,4.633,-70.37,-80.87,10.1
p1,1764411331.1033,3.469,-59.61,-79.55,19.9
p1,1764411331.2353,3.471,-59.93,-78.86,18.88
G,1764411335,13.079956667,-16.769913333,18.3
C,1764411335.715,5,0
p1,1764411341.0635,3.468,-59.69,-79.31,19.57
p1,1764411341.0856,3.481,-59.51,-79.06,19.5
p1,1764411341.2028,3.476,-59.28,-79.81,20.49
p1,1764411341.3346,3.474,-59.36,-79.31,19.9
p1,1764411351.1630,3.474,-59.19,-79.53,20.3
p1,1764411351.1850,3.478,-59.29,-80.3,20.98
p1,1764411351.3023,3.475,-59.54,-79.51,19.92
p1,1764411351.4340,3.477,-59.35,-79.14,19.75
C,1764411355.717,4,0
p1,1764411361.2626,3.482,-60.26,-79.75,19.44
p1,1764411361.2846,3.487,-60.52,-80.06,19.49
p1,1764411361.4015,3.479,-60.37,-79.25,18.82
p1,1764411361.5335,3.474,-60.29,-79.66,19.32
p1,1764411371.3618,3.472,-61.17,-79.22,17.98
p1,1764411371.3620,4.642,-70.94,-81.65,10.33
p1,1764411371.3838,3.48,-61.37,-79.44,18
p1,1764411371.3840,4.637,-72.07,-81.59,9.008
p1,1764411371.5010,3.475,-61.42,-79.62,18.13
p1,1764411371.6328,3.478,-61.57,-79.81,18.18
p1,1764411381.4613,3.476,-60.42,-79.55,19.08
p1,1764411381.4833,3.477,-60.25,-79.53,19.23
p1,1764411381.6005,3.476,-60.42,-78.83,18.35
p1,1764411381.7323,3.481,-60.5,-79.43,18.87
p1,1764411391.5608,3.482,-60.79,-79.44,18.59
p1,1764411391.5828,3.48,-60.85,-79.46,18.55
p1,1764411391.7000,3.482,-60.73,-79.92,19.14
p1,1764411391.8318,3.48,-60.4,-79.49,19.03
G,1764411395,13.079956667,-16.769916667,18.3
p1,1764411401.6603,3.481,-61.18,-80.13,18.89
p1,1764411401.6823,3.487,-60.88,-79.76,18.83
p1,1764411401.7993,3.475,-61.13,-79.45,18.25
p1,1764411401.9313,3.485,-61.27,-79.28,17.94
p1,1764411411.7595,3.481,-60.85,-79.05,18.14
p1,1764411411.7598,-4.639,-70.7,-81.21,10.11
p1,1764411411.7815,3.487,-60.82,-79.66,18.79
p1,1764411411.8988,3.479,-60.62,-79.38,18.7
p1,1764411412.0305,3.481,-60.52,-79.37,18.79
p1,1764411421.8590,3.485,-61.14,-79.85,18.65
p1,1764411421.8810,3.484,-60.97,-80.14,19.11
p1,1764411421.9983,3.487,-60.51,-79.61,19.05
p1,1764411422.1300,3.487,-60.42,-79.67,19.2
p1,1764411431.9585,3.48,-64.36,-79.98,15.5
p1,1764411431.9805,3.488,-64.23,-79.5,15.14
p1,1764411432.0978,3.492,-64.33,-78.79,14.3
p1,1764411432.2295,3.482,-63.94,-79.51,15.45
C,1764411435.715,5,0
p1,1764411442.0580,3.486,-59.42,-79.38,19.92
p1,1764411442.0800,3.488,-59.61,-79.08,19.42
p1,1764411442.1970,3.482,-59.61,-79.31,19.65
p1,1764411442.3290,3.486,-59.4,-79.16,19.72
p1,1764411452.1573,3.477,-65.75,-79.51,13.57
p1,1764411452.1793,3.491,-65.68,-79.81,13.96
p1,1764411452.2965,3.473,-67.34,-79.99,12.41
p1,1764411452.4285,3.479,-69.38,-79.55,9.735
G,1764411455,13.07996,-16.769916667,18.7
C,1764411455.714,4,0
p1,1764411462.2567,3.485,-56.8,-79.52,22.7
p1,1764411462.2787,3.491,-56.62,-79.37,22.73
p1,1764411462.3960,3.488,-56.77,-79.37,22.57
p1,1764411462.5278,3.489,-56.89,-79.31,22.4
p1,1764411472.3562,3.487,-52.16,-78.68,26.52
p1,1764411472.3782,3.491,-52.22,-78.79,26.56
p1,1764411472.4955,3.489,-52.46,-76.63,24.16
p1,1764411472.6273,3.488,-52.53,-78.52,25.98
p1,1764411482.4557,3.487,-51.83,-77.16,25.31
p1,1764411482.4777,3.49,-51.93,-76.47,24.52
p1,1764411482.5947,3.489,-51.75,-79.43,27.68
p1,1764411482.7267,3.49,-51.31,-76.62,25.3
p1,1764411492.5550,3.49,-45.66,-74.39,28.72
p1,1764411492.5770,3.492,-45.61,-76.48,30.87
p1,1764411492.6942,3.491,-45.78,-78.86,33.08
p1,1764411492.8260,3.491,-45.71,-76.15,30.44
C,1764411495.718,5,0
p1,1764411502.6545,3.492,-46.21,-78.55,32.33
p1,1764411502.6765,3.493,-46.22,-79.27,33.05
p1,1764411502.7937,3.494,-46.18,-76.43,30.24
p1,1764411502.9255,3.492,-46.13,-78.32,32.19
p1,1764411512.7540,3.493,-48.49,-78.22,29.73
p1,1764411512.7760,3.495,-48.46,-77.52,29.06
p1,1764411512.8930,3.493,-48.82,-75.29,26.46
p1,1764411513.0250,3.495,-49.29,-77.8,28.5
G,1764411515,13.079973333,-16.76991,18.4
C,1764411515.718,4,0
p1,1764411522.8535,3.494,-50.06,-75.87,25.81
p1,1764411522.8752,3.492,-49.98,-75.87,25.88
p1,1764411522.9925,3.493,-49.97,-78.89,28.92
p1,1764411523.1242,3.491,-50.13,-76.18,26.04
p1,1764411532.9527,3.491,-51.26,-78.3,27.02
p1,1764411532.9747,3.492,-51.13,-78.63,27.49
p1,1764411533.0920,3.494,-51.29,-79.29,27.99
p1,1764411533.2237,3.494,-51.26,-79.03,27.76
p1,1764411543.0522,3.494,-55,-79.48,24.46
p1,1764411543.0742,3.496,-55.16,-80.14,24.97
p1,1764411543.1915,3.494,-55.57,-78.96,23.37
p1,1764411543.3232,3.494,-56.69,-79.74,23.03
p1,1764411553.1517,3.495,-57.33,-78.79,21.43
p1,1764411553.1737,3.497,-57.11,-78.92,21.79
p1,1764411553.2907,3.49,-57.65,-79.07,21.39
p1,1764411553.4227,3.494,-55.77,-78.46,22.66
p1,1764411563.2509,3.491,-48.82,-75.06,26.23
p1,1764411563.2730,3.496,-48.84,-76.38,27.53
p1,1764411563.3902,3.495,-48.52,-78.74,30.21
p1,1764411563.5220,3.493,-48.08,-76.16,28.07
p1,1764411573.3504,3.492,-46.67,-77.74,31.07
p1,1764411573.3724,3.496,-46.65,-78.75,32.1
p1,1764411573.4897,3.495,-46.82,-78.02,31.2
p1,1764411573.6214,3.494,-46.47,-78.6,32.13
G,1764411575,13.079971667,-16.76991,18.2
p1,1764411583.4499,3.492,-46.14,-78.74,32.6
p1,1764411583.4719,3.496,-46.12,-77.3,31.19
p1,1764411583.5892,3.494,-46.2,-73.64,27.44
p1,1764411583.7209,3.494,-46.26,-77.49,31.23
p1,1764411593.5494,3.494,-46.95,-75.02,28.06
p1,1764411593.5714,3.497,-47.29,-74.23,26.93
p1,1764411593.6884,3.494,-48.5,-77.31,28.8
p1,1764411593.8204,3.495,-49.74,-75.66,25.92
C,1764411595.718,5,0
p1,1764411603.6487,3.491,-51.8,-77.38,25.56
p1,1764411603.6707,3.495,-51.88,-78.63,26.74
p1,1764411603.7879,3.494,-52.14,-80.12,27.97
p1,1764411603.9197,3.494,-52.33,-78.79,26.44
p1,1764411613.7482,3.493,-62.01,-79.66,17.58
p1,1764411613.7702,3.496,-62.37,-79.44,16.98
p1,1764411613.8874,3.499,-63.99,-79.74,15.63
p1,1764411614.0192,3.488,-63.8,-80.49,16.59
C,1764411615.721,4,0
p1,1764411623.8477,3.491,-58.4,-79.44,21
p1,1764411623.8697,3.495,-58.75,-79.67,20.88
p1,1764411623.9867,3.492,-59.96,-79.25,19.24
p1,1764411624.1187,3.493,-59.92,-79.53,19.56
p1,1764411633.9472,3.492,-57.12,-78.84,21.69
p1,1764411633.9689,3.487,-56.8,-78.58,21.76
p1,1764411634.0862,3.492,-57.4,-79.43,22
p1,1764411634.2182,3.489,-57.29,-79.19,21.87
G,1764411635,13.079958333,-16.76991,19.4
p1,1764411644.0464,3.489,-46.13,-75.29,29.15
p1,1764411644.0684,3.492,-46.29,-77.84,31.55
p1,1764411644.1856,3.491,-47.78,-78.88,31.1
p1,1764411644.3174,3.489,-48.77,-77.65,28.87
p1,1764411654.1459,3.487,-52.07,-79.66,27.58
p1,1764411654.1679,3.491,-51.92,-79.75,27.82
p1,1764411654.2852,3.491,-52.25,-78.26,25.99
p1,1764411654.4169,3.49,-52,-78.85,26.84
p1,1764411664.2454,3.491,-51.37,-78.55,27.16
p1,1764411664.2674,3.494,-51.42,-78.15,26.73
p1,1764411664.3844,3.492,-50.82,-77.26,26.43
p1,1764411664.5164,3.492,-50.79,-77.74,26.94
p1,1764411674.3449,3.491,-53.25,-77.42,24.15
p1,1764411674.3666,3.491,-53.37,-77.69,24.3
p1,1764411674.4839,3.492,-52.77,-79.21,26.43
p1,1764411674.6156,3.49,-52.34,-76.83,24.47
p1,1764411684.4441,3.49,-49.84,-78.06,28.21
p1,1764411684.4661,3.492,-49.42,-78.8,29.37
p1,1764411684.5834,3.494,-52.33,-79.11,26.77
p1,1764411684.7151,3.491,-51.7,-79.28,27.58
p1,1764411694.5436,3.49,-54.36,-79.67,25.3
p1,1764411694.5656,3.493,-54.23,-79.55,25.3
p1,1764411694.6829,3.493,-54.76,-78.65,23.88
p1,1764411694.8146,3.493,-53.94,-79.54,25.58
G,1764411695,13.079956667,-16.769916667,19.5
p1,1764411704.6431,3.493,-51.62,-78.15,26.53
p1,1764411704.6651,3.495,-51.72,-77.47,25.74
p1,1764411704.7821,3.492,-51.85,-78.36,26.5
p1,1764411704.9141,3.492,-52.06,-77.76,25.69
p1,1764411714.7424,3.49,-50.99,-76.63,25.63
p1,1764411714.7644,3.494,-50.92,-77.72,26.79
p1,1764411714.8816,3.494,-51.1,-79.52,28.41
p1,1764411715.0134,3.49,-51.6,-77.72,26.11
p1,1764411724.8419,3.491,-50.09,-78.83,28.73
p1,1764411724.8639,3.493,-49.94,-79.21,29.27
p1,1764411724.9811,3.494,-48.46,-77.81,29.35
p1,1764411725.1129,3.492,-48.38,-79.1,30.72
p1,1764411734.9414,3.493,-53.48,-79.7,26.21
p1,1764411734.9633,3.495,-53.27,-79.3,26.01
p1,1764411735.0806,3.495,-53.11,-77.13,24.01
p1,1764411735.2123,3.494,-53.05,-79.1,26.04
p1,1764411745.0408,3.499,-48.79,-76.54,27.74
p1,1764411745.0628,3.501,-48.32,-75.26,26.93
p1,1764411745.1798,3.498,-48.88,-78.08,29.19
p1,1764411745.3118,3.501,-48.9,-75.06,26.15
p1,1764411755.1401,3.481,-61.86,-79.44,17.5
p1,1764411755.1621,3.494,-58.14,-79.72,21.55
p1,1764411755.2793,3.486,-64.02,-80.07,15.95
p1,1764411755.4111,3.496,-54.38,-78.58,24.18
G,1764411755,13.079945,-16.769921667,19.5
C,1764411755.719,5,0
p1,1764411765.2396,3.496,-49.51,-79.2,29.68
p1,1764411765.2616,3.499,-49.76,-79.04,29.27
p1,1764411765.3788,3.499,-51.44,-78.73,27.28
p1,1764411765.5106,3.497,-49.75,-78.76,29.01
p1,1764411775.3391,3.499,-55.59,-79.31,23.7
p1,1764411775.3611,3.502,-55.7,-79.29,23.57
p1,1764411775.4781,3.496,-55.73,-78.93,23.18
p1,1764411775.6101,3.499,-55.64,-79.13,23.47
C,1764411775.721,4,0
p1,1764411785.4386,3.501,-54.29,-77.89,23.58
p1,1764411785.4603,3.504,-54.66,-78.1,23.41
p1,1764411785.5776,3.503,-56.59,-79.08,22.46
p1,1764411785.7093,3.503,-57.81,-78.81,20.96
p1,1764411795.5378,3.496,-54.78,-79.53,24.73
p1,1764411795.5598,3.497,-54.62,-80.22,25.59
p1,1764411795.6771,3.498,-53.85,-79.35,25.49
p1,1764411795.8088,3.498,-53.08,-79.26,26.17
C,1764411800.02,4,0
p1,1764411805.6373,3.495,-51.99,-79.31,27.31
p1,1764411805.6593,3.498,-51.92,-79.36,27.44
p1,1764411805.7766,3.495,-52.19,-77.22,25.02
p1,1764411805.9083,3.494,-52.37,-79.25,26.87
G,1764411815,13.079943333,-16.769923333,19.8
C,1764411815.72,5,0
p1,1764411815.7368,3.497,-50.2,-77.71,27.51
p1,1764411815.7588,3.499,-50.02,-76.15,26.12
p1,1764411815.8758,3.495,-50.82,-78.36,27.54
p1,1764411816.0078,3.497,-51.58,-77.36,25.77
p1,1764411825.8361,3.499,-54.27,-77.53,23.24
p1,1764411825.8581,3.495,-54.09,-78.8,24.7
p1,1764411825.9753,3.5,-54.06,-79.52,25.44
p1,1764411826.1071,3.497,-54.21,-78.78,24.56
C,1764411835.727,4,0
p1,1764411835.9356,3.495,-56.82,-79.38,22.54
p1,1764411835.9576,3.499,-56.52,-79.86,23.32
p1,1764411836.0748,3.496,-56.01,-79.17,23.14
p1,1764411836.2065,3.495,-55.12,-79.41,24.27
p1,1764411846.0350,3.498,-59.21,-80,20.76
p1,1764411846.0571,3.501,-59.53,-79.29,19.71
p1,1764411846.1740,3.496,-59.37,-79.06,19.65
p1,1764411846.1743,4.641,-69.19,-80.63,11.12
p1,1764411846.3061,3.502,-60.15,-79.49,19.29
p1,1764411856.1345,3.493,-53.86,-78.33,24.45
p1,1764411856.1563,3.491,-53.86,-77.6,23.72
p1,1764411856.2735,3.492,-53.76,-79.57,25.79
p1,1764411856.4055,3.493,-53.48,-78.14,24.64
p1,1764411866.2338,3.489,-53.98,-79.13,25.14
p1,1764411866.2558,3.494,-54.01,-79.14,25.11
p1,1764411866.3731,3.49,-54.13,-80.03,25.89
p1,1764411866.5048,3.492,-54.17,-79.15,24.97
G,1764411875,13.079946667,-16.769916667,19.6
p1,1764411876.3333,3.49,-54.54,-79.94,25.39
p1,1764411876.3553,3.494,-54.46,-80.21,25.74
p1,1764411876.4725,3.491,-54.48,-79.09,24.6
p1,1764411876.6043,3.493,-54.67,-79.45,24.76
p1,1764411886.4328,3.493,-54.94,-79.71,24.75
p1,1764411886.4548,3.493,-54.89,-78.86,23.95
p1,1764411886.5718,3.49,-55.14,-78.97,23.82
p1,1764411886.7038,3.494,-54.98,-78.88,23.88
p1,1764411896.5320,3.484,-68.27,-79.22,10.59
p1,1764411896.5540,3.493,-68.1,-79.83,11.43
p1,1764411896.6713,3.494,-67.07,-80.47,13.19
p1,1764411896.8030,3.485,-66.58,-79.72,12.92
p1,1764411906.6315,3.493,-61.53,-79.85,18.25
p1,1764411906.6535,3.49,-61.18,-79.27,18.03
p1,1764411906.7708,3.496,-61.26,-79.62,18.29
p1,1764411906.9025,3.485,-61.2,-79.26,17.99
C,1764411915.723,5,0
p1,1764411916.7310,3.494,-58.17,-79.4,21.2
p1,1764411916.7530,3.495,-58.06,-79.47,21.38
p1,1764411916.8703,3.495,-57.59,-78.87,21.24
p1,1764411917.0020,3.491,-57.27,-79.23,21.93
p1,1764411926.8305,3.485,-55.94,-79.36,23.4
p1,1764411926.8525,3.486,-56.05,-78.35,22.28
p1,1764411926.9695,3.487,-55.85,-79.17,23.3
p1,1764411927.1015,3.486,-56.69,-78.55,21.83
G,1764411935,13.079936667,-16.76991,18.3
C,1764411935.724,4,0
p1,1764411936.9298,-4.642,-69.15,-81.68,12.29
p1,1764411936.9300,3.485,-59.41,-79.35,19.89
p1,1764411936.9518,3.482,-59.1,-79.29,20.15
p1,1764411937.0690,3.485,-59.17,-79.99,20.79
p1,1764411937.2007,3.485,-58.88,-79.44,20.52
p1,1764411947.0293,3.479,-66.56,-79.49,12.7
p1,1764411947.0513,3.49,-66.49,-79.56,12.85
p1,1764411947.1685,3.484,-65.85,-80.15,14.13
p1,1764411947.3003,3.486,-65.63,-80.05,14.27
p1,1764411957.1287,3.483,-59.91,-79.74,19.79
p1,1764411957.1507,3.483,-57.99,-79.79,21.77
p1,1764411957.2680,3.482,-55.96,-78.31,22.33
p1,1764411957.3997,3.483,-62.03,-80.07,17.98
p1,1764411967.2283,3.476,-71.39,-79.98,7.943
p1,1764411967.2502,3.5,-71.07,-79.39,7.631
p1,1764411967.3672,3.489,-69.88,-79.71,9.36
p1,1764411967.4992,3.485,-71.06,-79.94,8.278
C,1764411975.723,5,0
G,1764411995,13.07994,-16.76991,17.9
C,1764411995.722,4,0
p1,1764411997.5265,3.477,-68.14,-79.67,11.21
p1,1764411997.5485,3.464,-68.64,-79.68,10.68
p1,1764411997.6655,3.478,-68.28,-79.45,10.83
p1,1764411997.7972,4.643,-74.52,-81.6,6.136
p1,1764411997.7975,3.488,-66.37,-79.55,12.97
C,1764412015.725,5,0
p1,1764412027.8247,3.497,-73.21,-80.42,6.295
C,1764412035.727,4,0
p1,1764412037.9462,3.479,-72.22,-79.92,6.892
G,1764412055,13.079941667,-16.769911667,17.8
p1,1764412058.1229,3.487,-64.56,-79.49,14.79
p1,1764412058.1449,3.49,-64.08,-79.14,14.92
p1,1764412058.2622,3.489,-66.03,-80.69,14.51
p1,1764412058.3939,3.491,-64.16,-80.05,15.78
p1,1764412068.2224,3.482,-67.33,-79.55,11.95
p1,1764412068.2444,3.487,-67.33,-79.35,11.74
p1,1764412068.3617,3.484,-67.67,-79.24,11.25
p1,1764412068.4934,3.49,-67.26,-80.03,12.54
C,1764412075.724,5,0
p1,1764412078.3219,3.484,-72.14,-79.64,6.641
p1,1764412078.3439,3.483,-71.55,-79.87,7.632
C,1764412095.727,4,0
G,1764412115,13.079943333,-16.769913333,17.8
C,1764412135.726,5,0
C,1764412155.727,4,0
G,1764412175,13.079945,-16.769915,17.8
C,1764412175.726,5,0
C,1764412195.726,4,0
G,1764412235,13.079948333,-16.769911667,17.7
C,1764412235.726,5,0
C,1764412255.726,4,0
C,1764412275.728,5,0
G,1764412295,13.07995,-16.769908333,17.7
C,1764412315.729,4,0
C,1764412335.728,5,0
G,1764412355,13.07995,-16.769906667,17.5
C,1764412355.728,4,0
C,1764412395.728,5,0
C,1764412400.486,5,0
G,1764412415,13.079953333,-16.769906667,17.3
C,1764412415.726,4,0
C,1764412435.727,5,0
G,1764412475,13.079953333,-16.769903333,17.1
C,1764412475.726,4,0
C,1764412495.727,5,0
C,1764412515.725,4,0
G,1764412535,13.079955,-16.769905,16.9
C,1764412555.733,5,0
C,1764412575.728,4,0
G,1764412595,13.079951667,-16.769906667,16.8
C,1764412595.73,5,0
C,1764412635.729,4,0
G,1764412655,13.079946667,-16.769906667,16.7
C,1764412655.729,5,0
C,1764412675.73,4,0
G,1764412715,13.079943333,-16.769908333,16.8
C,1764412715.729,5,0
C,1764412735.731,4,0
G,1764412775,13.079941667,-16.76991,16.7
C,1764412775.729,5,0
C,1764412795.729,4,0
C,1764412815.729,5,0
G,1764412835,13.079938333,-16.769911667,16.7
C,1764412835.728,4,0
C,1764412875.731,5,0
G,1764412895,13.079936667,-16.769911667,16.7
C,1764412895.728,4,0
C,1764412935.731,5,0
G,1764412955,13.079933333,-16.769911667,16.6
C,1764412955.733,4,0
C,1764412975.733,5,0
C,1764412995.73,4,0
C,1764413000.945,4,0
G,1764413015,13.079935,-16.769911667,16.4
C,1764413035.732,5,0
C,1764413055.73,4,0
G,1764413075,13.079936667,-16.76991,16.4
C,1764413095.732,5,0
C,1764413115.734,4,0
G,1764413135,13.079936667,-16.769908333,16.3
C,1764413135.731,5,0
C,1764413155.732,4,0
G,1764413195,13.079941667,-16.769908333,16
C,1764413195.731,5,0
C,1764413215.733,4,0
G,1764413255,13.079946667,-16.769913333,15.8
C,1764413255.731,5,0
C,1764413275.731,4,0
C,1764413295.732,5,0
G,1764413315,13.079946667,-16.769915,15.7
C,1764413315.73,4,0
C,1764413355.732,5,0
G,1764413375,13.079946667,-16.769918333,15.6
C,1764413375.733,4,0
C,1764413395.734,5,0
G,1764413435,13.079946667,-16.769918333,15.5
C,1764413435.733,4,0
C,1764413455.73,5,0
C,1764413475.731,4,0
G,1764413495,13.079945,-16.769918333,15.5
C,1764413515.731,5,0
C,1764413535.73,4,0
G,1764413555,13.079945,-16.769916667,15.4
C,1764413555.729,5,0
C,1764413595.733,4,0
C,1764413601.407,4,0
G,1764413615,13.079945,-16.769918333,15.3
C,1764413615.734,5,0
C,1764413635.735,4,0
G,1764413675,13.079945,-16.769918333,15.2
C,1764413675.735,5,0
C,1764413695.735,4,0
C,1764413715.736,5,0
G,1764413735,13.079945,-16.76992,15
C,1764413755.737,4,0
C,1764413775.734,5,0
G,1764413795,13.079945,-16.76992,15
C,1764413795.735,4,0
C,1764413835.738,5,0
G,1764413855,13.079945,-16.76992,14.9
C,1764413855.739,4,0
C,1764413875.739,5,0
G,1764413915,13.079943333,-16.769923333,14.8
C,1764413915.737,4,0
C,1764413935.741,5,0
C,1764413955.74,4,0
G,1764413975,13.079943333,-16.769926667,14.7
C,1764413975.739,5,0
C,1764414015.741,4,0
G,1764414035,13.079938333,-16.769926667,14.6
C,1764414035.738,5,0
C,1764414075.737,4,0
G,1764414095,13.079935,-16.769928333,14.6
C,1764414095.741,5,0
C,1764414115.739,4,0
G,1764414155,13.079933333,-16.769928333,14.5
C,1764414155.743,5,0
C,1764414175.746,4,0
C,1764414195.745,5,0
C,1764414201.865,5,0
G,1764414215,13.079935,-16.769925,14.4
C,1764414235.754,4,0
C,1764414255.747,5,0
G,1764414275,13.079935,-16.769925,14.3
C,1764414275.749,4,0
C,1764414315.749,5,0
G,1764414335,13.07994,-16.769925,14.2
C,1764414335.748,4,0
C,1764414355.748,5,0
G,1764414395,13.079941667,-16.769925,14.4
C,1764414395.754,4,0
G,1764414455,13.07994,-16.769925,14.5
C,1764414475.751,5,0
C,1764414495.752,4,0
G,1764414515,13.079941667,-16.769925,14.5
C,1764414535.756,5,0
C,1764414555.753,4,0
G,1764414575,13.079943333,-16.769928333,14.5
C,1764414575.754,5,0
C,1764414595.755,4,0
G,1764414635,13.079943333,-16.769928333,14.6
C,1764414635.757,5,0
C,1764414655.757,4,0
G,1764414695,13.079945,-16.769928333,14.7
C,1764414696.006,5,0
C,1764414716.005,4,0
G,1764414755,13.079946667,-16.769925,14.9
