port, timestamp,snr,signal,noise,ms
C,1764577181.97,5,0
G,1764577187,13.079408333,-16.770143333,8.7
C,1764577188.172,4,0
C,1764577228.174,5,0
G,1764577247,13.07941,-16.77014,9.3
C,1764577248.172,4,0
C,1764577288.175,5,0
G,1764577307,13.079401667,-16.770135,9.6
C,1764577308.179,4,0
C,1764577328.175,5,0
C,1764577348.175,4,0
G,1764577367,13.079396667,-16.77014,10
C,1764577388.175,5,0
C,1764577408.178,4,0
G,1764577427,13.079398333,-16.770143333,10.3
C,1764577428.175,5,0
C,1764577468.175,4,0
G,1764577487,13.079413333,-16.770121667,10.6
C,1764577488.176,5,0
C,1764577508.175,4,0
G,1764577547,13.079413333,-16.770108333,11.1
C,1764577548.176,5,0
C,1764577568.176,4,0
C,1764577588.178,5,0
G,1764577607,13.079403333,-16.770105,11.2
C,1764577628.178,4,0
C,1764577648.179,5,0
G,1764577667,13.079403333,-16.77011,11.2
C,1764577668.179,4,0
C,1764577708.178,5,0
G,1764577727,13.079406667,-16.770118333,10.9
C,1764577728.179,4,0
C,1764577768.179,5,0
C,1764577782.435,5,0
G,1764577787,13.079398333,-16.770116667,10.9
C,1764577788.181,4,0
C,1764577808.178,5,0
C,1764577828.18,4,0
G,1764577847,13.079411667,-16.770118333,11.1
C,1764577868.18,5,0
C,1764577888.182,4,0
G,1764577907,13.079418333,-16.77012,11.3
C,1764577928.181,5,0
C,1764577948.181,4,0
G,1764577967,13.079426667,-16.770118333,11.5
C,1764577968.181,5,0
C,1764577988.182,4,0
G,1764578027,13.079425,-16.770115,11.4
C,1764578028.183,5,0
C,1764578048.182,4,0
C,1764578068.183,5,0
G,1764578087,13.079426667,-16.770116667,11.6
C,1764578108.183,4,0
C,1764578128.184,5,0
G,1764578147,13.079435,-16.770115,11.4
C,1764578148.184,4,0
C,1764578188.185,5,0
G,1764578207,13.079443333,-16.770115,11.2
C,1764578208.186,4,0
C,1764578248.184,5,0
G,1764578267,13.079446667,-16.770116667,11.2
C,1764578268.187,4,0
C,1764578288.184,5,0
C,1764578308.187,4,0
G,1764578327,13.079453333,-16.770111667,11.4
C,1764578348.186,5,0
C,1764578368.185,4,0
C,1764578382.929,4,0
G,1764578387,13.079456667,-16.770111667,11.3
C,1764578408.188,5,0
C,1764578428.193,4,0
G,1764578447,13.079468333,-16.77012,11.3
C,1764578448.187,5,0
C,1764578468.192,4,0
G,1764578507,13.079466667,-16.770125,11.4
C,1764578508.189,5,0
C,1764578528.189,4,0
G,1764578567,13.07946,-16.770131667,11.4
C,1764578568.189,5,0
C,1764578588.188,4,0
C,1764578608.192,5,0
G,1764578627,13.079466667,-16.770126667,11.7
C,1764578628.191,4,0
C,1764578668.19,5,0
G,1764578687,13.079476667,-16.770135,12.2
C,1764578688.191,4,0
C,1764578728.191,5,0
G,1764578747,13.079473333,-16.770133333,11.8
C,1764578748.192,4,0
C,1764578768.191,5,0
C,1764578788.192,4,0
G,1764578807,13.079488333,-16.770143333,11.6
C,1764578828.192,5,0
C,1764578848.191,4,0
G,1764578867,13.0795,-16.770138333,11.2
C,1764578888.191,5,0
C,1764578908.194,4,0
G,1764578927,13.079485,-16.770153333,12.5
C,1764578928.191,5,0
C,1764578948.193,4,0
C,1764578983.386,4,0
G,1764578987,13.079485,-16.77015,11.2
C,1764578988.191,5,0
C,1764579008.192,4,0
G,1764579047,13.079496667,-16.770116667,9.7
C,1764579048.194,5,0
C,1764579068.191,4,0
C,1764579088.191,5,0
G,1764579107,13.079498333,-16.770118333,10.7
C,1764579108.194,4,0
C,1764579148.191,5,0
G,1764579167,13.079498333,-16.77013,10.9
C,1764579168.192,4,0
C,1764579208.197,5,0
G,1764579227,13.079501667,-16.770123333,10.7
C,1764579228.194,4,0
C,1764579248.194,5,0
C,1764579268.194,4,0
G,1764579287,13.079505,-16.770146667,10.7
C,1764579308.196,5,0
C,1764579328.193,4,0
G,1764579347,13.079501667,-16.770178333,10.8
C,1764579368.194,5,0
C,1764579388.197,4,0
G,1764579407,13.079485,-16.77014,10.8
C,1764579408.198,5,0
C,1764579428.198,4,0
G,1764579467,13.079486667,-16.77013,11.2
C,1764579468.195,5,0
C,1764579488.193,4,0
C,1764579508.195,5,0
G,1764579527,13.07947,-16.770125,11.4
C,1764579548.201,4,0
C,1764579568.199,5,0
C,1764579583.876,5,0
G,1764579587,13.079461667,-16.770125,11.7
C,1764579588.199,4,0
C,1764579628.199,5,0
G,1764579647,13.079468333,-16.770116667,11.5
C,1764579648.199,4,0
C,1764579688.194,5,0
G,1764579707,13.079453333,-16.770131667,11.7
C,1764579708.2,4,0
C,1764579728.198,5,0
C,1764579748.202,4,0
G,1764579767,13.07946,-16.77015,12.1
C,1764579788.202,5,0
C,1764579808.202,4,0
G,1764579827,13.079458333,-16.770161667,12.2
C,1764579828.201,5,0
C,1764579868.202,4,0
G,1764579887,13.079458333,-16.770165,12.4
C,1764579888.202,5,0
C,1764579908.202,4,0
G,1764579947,13.079451667,-16.770176667,12.5
C,1764579948.202,5,0
C,1764579968.202,4,0
C,1764579988.207,5,0
G,1764580007,13.079455,-16.77018,13.2
C,1764580028.203,4,0
C,1764580048.202,5,0
G,1764580067,13.079461667,-16.770146667,12.7
C,1764580068.204,4,0
C,1764580108.208,5,0
G,1764580127,13.07948,-16.770141667,12
C,1764580128.205,4,0
C,1764580168.207,5,0
C,1764580184.335,5,0
G,1764580187,13.07948,-16.770135,12.8
C,1764580188.207,4,0
C,1764580208.209,5,0
C,1764580228.21,4,0
G,1764580247,13.07948,-16.77012,12.1
C,1764580268.21,5,0
C,1764580288.21,4,0
G,1764580307,13.079478333,-16.770115,12.2
C,1764580328.21,5,0
C,1764580348.211,4,0
G,1764580367,13.079486667,-16.77013,11.8
C,1764580368.212,5,0
C,1764580388.217,4,0
G,1764580427,13.079488333,-16.770125,10.9
C,1764580428.212,5,0
C,1764580448.213,4,0
C,1764580468.213,5,0
G,1764580487,13.079463333,-16.770098333,8.6
C,1764580508.217,4,0
C,1764580528.216,5,0
G,1764580547,13.07946,-16.77011,7.8
C,1764580548.214,4,0
C,1764580588.216,5,0
G,1764580607,13.079456667,-16.770105,8.1
C,1764580608.218,4,0
C,1764580649.004,5,0
G,1764580667,13.079461667,-16.770108333,8.8
C,1764580669.004,4,0
C,1764580689.004,5,0
G,1764580727,13.079446667,-16.770103333,8.8
C,1764580729.005,4,0
C,1764580749.004,5,0
C,1764580769.004,4,0
