port, timestamp,snr,signal,noise,ms
C,1764748652.151,4,0
G,1764748666,13.091871667,-16.768921667,3.8
C,1764748667.362,5,0
C,1764748687.363,4,0
G,1764748726,13.091871667,-16.768921667,3.8
C,1764748727.368,5,0
C,1764748747.355,4,0
C,1764748767.366,5,0
G,1764748786,13.091871667,-16.768923333,3.7
C,1764748807.364,4,0
C,1764748827.372,5,0
G,1764748846,13.09187,-16.768923333,3.8
C,1764748847.367,4,0
C,1764748887.366,5,0
G,1764748906,13.091871667,-16.768923333,3.7
C,1764748907.355,4,0
C,1764748947.366,5,0
G,1764748966,13.091871667,-16.768921667,3.8
C,1764748967.365,4,0
C,1764748987.365,5,0
C,1764749007.366,4,0
G,1764749026,13.091805,-16.768821667,5.1
C,1764749047.367,5,0
C,1764749067.366,4,0
G,1764749086,13.091805,-16.768821667,5
C,1764749087.366,5,0
C,1764749127.368,4,0
G,1764749146,13.091808333,-16.768823333,5.1
C,1764749147.361,5,0
C,1764749167.371,4,0
G,1764749206,13.091811667,-16.768825,5
C,1764749207.36,5,0
C,1764749227.37,4,0
C,1764749247.37,5,0
C,1764749252.609,5,0
G,1764749266,13.091813333,-16.768828333,5
C,1764749287.371,4,0
C,1764749307.37,5,0
G,1764749326,13.091811667,-16.76883,5.2
C,1764749327.371,4,0
C,1764749367.373,5,0
G,1764749386,13.091813333,-16.768828333,5.5
C,1764749387.363,4,0
C,1764749407.372,5,0
G,1764749446,13.091811667,-16.76883,5.4
C,1764749447.383,4,0
C,1764749467.381,5,0
C,1764749487.381,4,0
G,1764749506,13.091813333,-16.768833333,5.3
C,1764749507.371,5,0
C,1764749547.382,4,0
G,1764749566,13.091813333,-16.768833333,5.3
C,1764749567.383,5,0
C,1764749607.386,4,0
G,1764749626,13.091816667,-16.768835,5.3
C,1764749627.375,5,0
C,1764749647.38,4,0
C,1764749667.381,5,0
G,1764749686,13.091818333,-16.768836667,5.3
C,1764749707.387,4,0
C,1764749727.387,5,0
G,1764749746,13.09182,-16.768838333,5.3
C,1764749767.387,4,0
C,1764749787.389,5,0
G,1764749806,13.09182,-16.768838333,5.2
C,1764749807.388,4,0
C,1764749847.389,5,0
C,1764749853.059,5,0
G,1764749866,13.091821667,-16.768841667,5.3
C,1764749867.38,4,0
C,1764749887.392,5,0
G,1764749926,13.091826667,-16.768841667,5.4
C,1764749927.39,4,0
C,1764749947.39,5,0
C,1764749967.396,4,0
G,1764749986,13.09183,-16.768841667,5.5
C,1764750007.391,5,0
C,1764750027.4,4,0
G,1764750046,13.091833333,-16.768841667,5.6
C,1764750047.392,5,0
C,1764750087.392,4,0
G,1764750106,13.091836667,-16.76884,5.6
C,1764750107.384,5,0
C,1764750127.396,4,0
C,1764750147.389,5,0
G,1764750166,13.091838333,-16.76884,5.5
C,1764750187.394,4,0
C,1764750207.393,5,0
G,1764750226,13.091795,-16.768896667,5.6
p1,1764750232.2126,3.544,-67.1,-75.82,8.094
p1,1764750232.2347,3.551,-66.9,-75.68,8.163
p1,1764750232.3519,3.547,-66.87,-74.32,6.599
p1,1764750232.4834,3.552,-66.49,-74.65,7.446
p1,1764750242.3384,4.732,-60.29,-75.86,15.44
p1,1764750242.3399,2.701,-59.6,-74.66,14.92
C,1764750247.393,4,0
C,1764750267.394,5,0
G,1764750286,13.091593333,-16.769001667,6.7
C,1764750287.392,4,0
C,1764750327.395,5,0
G,1764750346,13.091596667,-16.769006667,6.6
C,1764750347.384,4,0
C,1764750387.393,5,0
G,1764750406,13.0916,-16.769008333,6.6
C,1764750407.394,4,0
C,1764750427.394,5,0
C,1764750447.394,4,0
C,1764750453.52,4,0
p1,1764750464.4998,3.603,-55.44,-68.67,13.02
p1,1764750464.5215,3.613,-56.17,-68.75,12.33
p1,1764750464.7705,3.546,-60.77,-68.58,7.028
G,1764750466,13.091598333,-16.769011667,6.6
p1,1764750474.5990,3.558,-60.43,-69.58,8.593
p1,1764750474.6210,3.581,-60.24,-69.53,8.747
p1,1764750474.7383,3.544,-60.05,-69.36,8.764
p1,1764750474.8700,3.517,-60.75,-70.1,8.82
p1,1764750484.6985,3.507,-52.6,-69.17,16.47
p1,1764750484.7205,3.518,-51.91,-69.01,17.01
p1,1764750484.8375,3.529,-50.33,-68.66,18.26
p1,1764750484.9695,3.523,-50.44,-68.84,18.35
C,1764750487.395,5,0
p1,1764750494.7977,3.528,-52.34,-69.83,17.41
p1,1764750494.7980,-4.737,-61.55,-71.3,9.262
p1,1764750494.8198,3.531,-52.3,-69.11,16.71
p1,1764750494.9370,3.535,-52,-69.61,17.54
p1,1764750495.0688,3.536,-51.91,-69.27,17.28
p1,1764750504.8972,3.531,-49.24,-69.44,20.16
p1,1764750504.9192,3.536,-49.01,-69.92,20.87
p1,1764750505.0365,3.532,-50.01,-69.72,19.66
p1,1764750505.1682,3.536,-50.71,-70.22,19.46
C,1764750507.396,4,0
p1,1764750514.9967,3.562,-52.73,-69.55,16.74
p1,1764750515.0187,3.567,-52.89,-70.11,17.14
p1,1764750515.1360,3.554,-52.15,-69.02,16.78
p1,1764750515.2677,3.566,-52.29,-69.01,16.62
p1,1764750525.0962,3.561,-31.26,-62.58,31.32
p1,1764750525.1182,3.565,-31.21,-59.44,28.23
p1,1764750525.2352,3.564,-31.35,-62.95,31.6
p1,1764750525.3672,3.563,-31.7,-61.37,29.66
G,1764750526,13.091598333,-16.769011667,6.7
C,1764750527.396,5,0
p1,1764750535.1955,3.567,-20.75,-49.11,28.35
p1,1764750535.2175,3.571,-20.42,-53.08,32.65
p1,1764750535.3347,3.562,-21.99,-61.31,39.31
p1,1764750535.4665,3.53,-18.08,-48.43,30.35
p1,1764750545.2950,3.512,-31.67,-66.19,34.52
p1,1764750545.3170,3.514,-31.77,-67.58,35.8
p1,1764750545.4342,3.514,-32.71,-64.97,32.25
p1,1764750545.5660,3.514,-33.8,-67.64,33.83
p1,1764750555.3945,3.509,-46.67,-68.82,22.12
p1,1764750555.4165,3.512,-46.45,-67.94,21.46
p1,1764750555.5335,3.509,-46.9,-68.31,21.39
p1,1764750555.6655,3.507,-44.49,-69.27,24.76
p1,1764750565.4940,3.513,-53.71,-69.23,15.39
p1,1764750565.5157,3.513,-53.29,-68.98,15.58
p1,1764750565.6330,3.513,-53.14,-69.67,16.43
p1,1764750565.7650,3.505,-53.33,-69.13,15.68
C,1764750567.397,4,0
p1,1764750575.5932,3.51,-53.77,-69.96,16.08
p1,1764750575.6152,3.511,-53.81,-69.07,15.13
p1,1764750575.7325,3.512,-54.39,-69.3,14.77
p1,1764750575.8642,3.502,-54.87,-69.98,14.97
p1,1764750585.6927,3.517,-58.12,-68.75,10.23
p1,1764750585.7147,3.515,-58.61,-68.65,9.591
p1,1764750585.8320,3.506,-56.41,-69.03,12.38
p1,1764750585.9637,3.509,-55.21,-68.77,13.36
G,1764750586,13.091598333,-16.769011667,6.6
C,1764750587.387,5,0
p1,1764750595.7922,3.489,-57.55,-70.12,12.32
p1,1764750595.8142,3.484,-56.78,-70.04,13.05
p1,1764750595.9312,3.488,-55.91,-69.34,13.23
p1,1764750596.0632,3.494,-55.74,-68.46,12.48
p1,1764750605.8914,3.537,-59.11,-69.31,9.767
p1,1764750605.9137,3.543,-59.11,-69.2,9.644
p1,1764750606.0307,3.484,-59.21,-69.8,10.19
p1,1764750606.1627,3.514,-57.7,-68.86,10.81
C,1764750607.395,4,0
p1,1764750615.9909,3.535,-53.72,-67.49,13.59
p1,1764750616.0129,3.536,-54.16,-68.19,13.85
p1,1764750616.1302,3.527,-53.4,-68.44,14.9
p1,1764750616.2620,3.541,-53.34,-68.94,15.48
p1,1764750626.0904,3.5,-50.69,-69.08,18.33
p1,1764750626.1124,3.505,-50.36,-68.5,18.07
p1,1764750626.2294,3.508,-49.57,-68.3,18.67
p1,1764750626.3614,3.501,-48.08,-68.54,20.41
p1,1764750636.1899,3.518,-49.52,-68.1,18.52
p1,1764750636.2119,3.524,-50.18,-67.11,16.85
p1,1764750636.3289,3.517,-50.8,-68.59,17.72
p1,1764750636.4607,4.697,-60.65,-69.07,7.747
p1,1764750636.4609,3.513,-51.85,-68.44,16.5
p1,1764750646.2892,3.505,-44.36,-68.41,24.03
p1,1764750646.3112,3.506,-44.33,-69.2,24.86
p1,1764750646.4284,3.511,-44.77,-69.55,24.76
p1,1764750646.5602,3.509,-48.48,-68.97,20.45
G,1764750646,13.0916,-16.769013333,6.6
C,1764750647.396,5,0
p1,1764750656.3887,3.518,-52.67,-68.38,15.59
p1,1764750656.4107,3.518,-53.33,-67.47,13.98
p1,1764750656.5279,3.516,-56.42,-68.56,11.87
p1,1764750656.6597,3.509,-55.42,-67.41,11.71
p1,1764750666.4882,3.55,-54.94,-67.57,12.39
p1,1764750666.5102,3.554,-54.85,-67.91,12.84
p1,1764750666.6272,3.553,-55.27,-68.02,12.51
p1,1764750666.7592,3.565,-54.91,-67.64,12.49
C,1764750667.397,4,0
p1,1764750676.5874,3.521,-58.4,-67.53,8.558
p1,1764750676.6094,3.531,-58.08,-68.22,9.7
p1,1764750676.8584,3.537,-60.41,-68.28,7.101
p1,1764750686.6869,3.507,-55.49,-67.34,11.56
p1,1764750686.7089,3.528,-54.52,-68.08,13.37
p1,1764750686.8262,3.513,-54.53,-67.45,12.68
p1,1764750686.9579,3.518,-54.11,-68,13.71
p1,1764750696.7864,3.517,-56.89,-69.79,12.67
p1,1764750696.8084,3.519,-57.22,-69.42,11.93
p1,1764750696.9257,3.506,-58.03,-69.24,10.87
p1,1764750697.0574,3.531,-57.58,-67.91,9.906
p1,1764750706.8859,3.51,-54.36,-68.18,13.64
p1,1764750706.9076,3.51,-53.84,-68.11,14.11
p1,1764750707.0249,3.513,-54.27,-68.38,13.94
p1,1764750707.1569,3.515,-54.06,-68.1,13.86
G,1764750706,13.0916,-16.769015,6.6
C,1764750707.397,5,0
p1,1764750716.9851,3.501,-61.34,-68.87,6.683
p1,1764750727.0846,3.556,-58.5,-69.35,10.48
p1,1764750727.1066,3.543,-58.55,-68.29,9.242
p1,1764750727.2239,3.535,-58.15,-68.64,10.08
C,1764750727.397,4,0
p1,1764750727.3556,3.54,-58.11,-68.58,10.06
p1,1764750737.1841,3.491,-55.93,-69.08,12.94
p1,1764750737.2061,3.505,-56.53,-69.55,12.79
p1,1764750737.3234,3.487,-56.45,-68.54,11.81
p1,1764750737.4551,3.503,-56.26,-68.77,12.25
p1,1764750747.2834,3.488,-56.53,-67.56,10.67
p1,1764750747.3056,3.496,-57.42,-67.7,9.861
C,1764750747.406,5,0
p1,1764750747.4226,3.476,-56.34,-66.66,9.899
p1,1764750747.5546,3.5,-56.84,-68.53,11.38
p1,1764750757.3829,3.474,-56.29,-66.92,10.25
p1,1764750757.4049,3.492,-57.01,-67.24,9.798
p1,1764750757.5221,3.484,-55.72,-67.99,11.99
p1,1764750757.6539,3.495,-56.02,-67.63,11.3
G,1764750766,13.091601667,-16.769016667,6.6
C,1764750767.397,4,0
p1,1764750767.4824,3.502,-57.35,-67.89,10.15
p1,1764750767.5044,3.491,-56.6,-68.06,11.14
p1,1764750767.6216,3.517,-56.68,-68.25,11.25
p1,1764750767.7534,3.505,-57.89,-67.33,8.918
p1,1764750777.5819,3.496,-53.3,-67.59,14.13
p1,1764750777.6039,3.504,-53.03,-67.75,14.57
p1,1764750777.7209,3.49,-53.03,-68.81,15.66
p1,1764750777.8529,3.499,-52.55,-68.06,15.38
p1,1764750787.6814,3.514,-56.48,-67.68,10.86
p1,1764750787.7031,3.513,-56.36,-67.87,11.19
p1,1764750787.8204,3.509,-55.75,-68.06,12.04
p1,1764750787.9521,3.508,-55.89,-67.77,11.58
p1,1764750797.7806,3.49,-54.86,-67.79,12.7
p1,1764750797.8026,3.501,-55.15,-67.63,12.22
p1,1764750797.9199,3.495,-55.89,-67.96,11.79
p1,1764750798.0516,3.51,-55.54,-68.36,12.58
C,1764750807.397,5,0
p1,1764750807.9021,3.507,-60.72,-67.8,6.125
p1,1764750808.0194,3.509,-59.49,-67.71,7.51
p1,1764750808.1511,3.529,-53.87,-67.72,13.67
p1,1764750817.9796,3.507,-61.4,-68.88,6.627
p1,1764750818.1186,3.524,-59.91,-67.54,6.803
p1,1764750818.2506,3.505,-56.86,-67.12,9.832
G,1764750826,13.091601667,-16.769016667,6.6
C,1764750827.389,4,0
p1,1764750838.2003,3.524,-61.37,-69.15,6.99
p1,1764750838.3176,3.513,-59.43,-67.94,7.842
p1,1764750838.4493,3.509,-60.09,-69.65,9.057
C,1764750867.399,5,0
G,1764750886,13.091606667,-16.769015,6.6
C,1764750887.4,4,0
C,1764750907.39,5,0
C,1764750927.404,4,0
G,1764750946,13.091611667,-16.769025,6.9
C,1764750947.39,5,0
p1,1764750965.9143,-3.135,-62.88,-70.61,6.931
p1,1764750979.5703,3.52,-64.06,-77.5,13.23
p1,1764750979.5923,3.528,-64.09,-76.4,12.04
p1,1764750979.7095,3.525,-63.43,-77.81,14.22
p1,1764750979.8413,3.523,-62.73,-77.07,14.18
C,1764750987.4,4,0
p1,1764750989.6698,3.52,-38.66,-71.06,32.4
p1,1764750989.6918,3.522,-38.8,-72.76,33.96
p1,1764750989.8090,3.521,-40.02,-71.78,31.75
p1,1764750989.9408,3.52,-41.36,-71.4,30.04
p1,1764750997.6550,6.316,-65.46,-72.48,6.056
p1,1764750999.7693,3.519,-32.39,-68.56,36.17
p1,1764750999.7913,3.523,-32.29,-66.3,34.01
p1,1764750999.9082,3.521,-35.28,-52.24,16.87
p1,1764750999.9085,3.522,-31.44,-59.74,28.29
p1,1764751000.0402,3.521,-30.67,-66.66,35.99
G,1764751006,13.091526667,-16.769305,10.2
C,1764751007.401,5,0
p1,1764751009.8687,3.52,-48.61,-76.29,27.68
p1,1764751009.8907,3.525,-48.71,-75.11,26.39
p1,1764751010.0077,3.521,-48.64,-77.09,28.44
p1,1764751010.1398,3.521,-48.69,-75.19,26.49
p1,1764751019.9680,3.519,-45.34,-72.08,26.73
p1,1764751019.9900,3.522,-45.23,-74.49,29.26
p1,1764751020.1072,3.52,-45.61,-77.26,31.65
p1,1764751020.2390,3.521,-47.23,-74.87,27.64
p1,1764751030.0675,3.523,-50.71,-76.35,25.63
p1,1764751030.0895,3.523,-50.59,-76.1,25.49
p1,1764751030.2067,3.522,-49.87,-76.97,27.09
p1,1764751030.3385,3.519,-49.05,-76.25,27.2
p1,1764751040.1670,3.519,-56.97,-76.67,19.65
p1,1764751040.1890,3.525,-56.34,-77.59,21.22
p1,1764751040.3062,3.522,-56.9,-76.65,19.71
p1,1764751040.4380,3.524,-56.64,-76.99,20.31
C,1764751047.401,4,0
p1,1764751050.2665,3.523,-51.6,-76.23,24.61
p1,1764751050.2885,3.524,-51.58,-75.34,23.74
p1,1764751050.4055,3.524,-51.31,-76.19,24.87
p1,1764751050.5375,3.52,-51.83,-76.08,24.23
C,1764751053.984,4,0
p1,1764751060.3660,3.521,-54.93,-78.02,23.07
p1,1764751060.3877,3.525,-54.72,-78.77,24.03
p1,1764751060.5050,3.526,-54.72,-79.04,24.3
p1,1764751060.6367,3.523,-55.48,-78.93,23.43
G,1764751066,13.091496667,-16.769445,12.2
C,1764751067.395,5,0
p1,1764751070.4652,3.52,-53.05,-77.23,24.17
p1,1764751070.4872,3.524,-53.3,-77.21,23.89
p1,1764751070.6044,3.525,-53.74,-78.02,24.27
p1,1764751070.7362,3.523,-54.5,-77.96,23.45
p1,1764751080.5647,3.522,-55.1,-74.48,19.33
p1,1764751080.5867,3.524,-55.09,-74.73,19.6
p1,1764751080.7040,3.523,-55.75,-77.78,22.01
p1,1764751080.8357,3.52,-55.11,-74.71,19.55
C,1764751087.403,4,0
p1,1764751090.6642,3.522,-58.64,-76.82,18.12
p1,1764751090.6862,3.525,-58.66,-77.04,18.32
p1,1764751090.8032,3.523,-59.06,-77.03,17.9
p1,1764751090.9352,3.524,-59.95,-76.33,16.28
p1,1764751091.1947,7.916,-58.75,-77.97,19.17
p1,1764751091.1950,-4.658,-58.63,-76.55,17.86
p1,1764751100.7634,3.521,-42.43,-68.64,26.2
p1,1764751100.7854,3.525,-42.44,-68.57,26.11
p1,1764751100.9027,3.523,-42.26,-70.75,28.49
p1,1764751101.0345,3.525,-42.21,-68.99,26.77
p1,1764751101.0347,3.525,-45.26,-53.1,7.066
C,1764751107.404,5,0
p1,1764751110.8630,3.523,-42.17,-71.51,29.33
p1,1764751110.8849,3.527,-42.1,-71.85,29.74
p1,1764751111.0022,3.524,-42.3,-70.75,28.44
p1,1764751111.1339,3.524,-42.08,-71.25,29.17
p1,1764751120.9624,3.524,-41.51,-64.35,22.81
p1,1764751120.9844,3.527,-41.58,-64.3,22.7
p1,1764751121.1014,3.523,-45.1,-52.53,6.559
p1,1764751121.1017,3.522,-41.73,-64.79,23.04
p1,1764751121.2334,3.525,-41.56,-65.55,23.98
G,1764751126,13.09145,-16.769558333,16.1
p1,1764751131.0617,3.522,-44.69,-52.64,7.188
p1,1764751131.0619,3.524,-41.72,-66.67,24.93
p1,1764751131.0839,3.525,-41.79,-66.56,24.75
p1,1764751131.2009,3.523,-41.75,-67.3,25.54
p1,1764751131.3329,3.523,-42.15,-68.91,26.76
p1,1764751141.1612,3.522,-42.64,-69.8,27.15
p1,1764751141.1614,3.523,-45.57,-53.04,6.611
p1,1764751141.1832,3.525,-42.65,-70.98,28.32
p1,1764751141.3004,3.524,-42.77,-74.32,31.55
p1,1764751141.4322,3.524,-42.75,-71.75,29
p1,1764751141.4324,3.525,-45.99,-52.99,6.037
C,1764751147.403,4,0
p1,1764751151.2607,3.522,-42.99,-67.27,24.26
p1,1764751151.2827,3.526,-42.95,-68.31,25.34
p1,1764751151.3999,3.525,-43.11,-66.97,23.85
p1,1764751151.5317,3.522,-42.94,-68.03,25.08
p1,1764751161.3602,3.522,-42.66,-66.39,23.71
p1,1764751161.3822,3.522,-42.7,-66.54,23.81
p1,1764751161.4994,3.525,-42.78,-64.82,22.01
p1,1764751161.6312,3.528,-42.55,-65.26,22.7
C,1764751167.407,5,0
p1,1764751171.4597,3.521,-42.62,-67.35,24.72
p1,1764751171.4817,3.527,-42.85,-66.19,23.32
p1,1764751171.5987,3.524,-42.63,-66.96,24.31
p1,1764751171.7304,3.525,-45.65,-52.8,6.22
p1,1764751171.7307,3.525,-42.78,-67.21,24.42
p1,1764751181.5592,3.525,-43.11,-65.51,22.38
p1,1764751181.5809,3.529,-42.84,-66.38,23.52
p1,1764751181.6982,3.527,-42.9,-66.87,23.95
p1,1764751181.8299,3.524,-43.02,-66.43,23.39
G,1764751186,13.091451667,-16.769556667,16.1
p1,1764751191.6584,3.523,-42.65,-67.9,25.23
p1,1764751191.6804,3.526,-42.76,-68.66,25.89
p1,1764751191.7977,3.523,-42.83,-68.58,25.74
p1,1764751191.9294,3.523,-42.77,-68.52,25.73
p1,1764751201.7579,3.522,-42.95,-68.35,25.38
p1,1764751201.7799,3.524,-42.92,-67.79,24.86
p1,1764751201.8971,3.526,-43.03,-67.53,24.48
p1,1764751202.0289,3.525,-42.95,-67.85,24.88
C,1764751207.406,4,0
p1,1764751211.8574,3.523,-42.94,-67.96,25
p1,1764751211.8794,3.527,-43.11,-67.03,23.91
p1,1764751211.9964,3.524,-43,-67.19,24.18
p1,1764751212.1284,3.525,-43.01,-67.47,24.45
p1,1764751221.9567,3.525,-45.77,-52.74,6.007
p1,1764751221.9569,3.523,-42.97,-65.94,22.95
p1,1764751221.9786,3.526,-43.02,-67.1,24.06
p1,1764751222.0959,3.525,-42.91,-67.99,25.07
p1,1764751222.2276,3.527,-43.01,-66.65,23.63
C,1764751227.404,5,0
p1,1764751232.0561,3.522,-43.05,-68.1,25.04
p1,1764751232.0781,3.527,-42.87,-68.59,25.71
p1,1764751232.1954,3.527,-43.02,-68.07,25.03
p1,1764751232.3271,3.526,-42.9,-68.22,25.3
p1,1764751242.1556,3.525,-43.12,-65.04,21.89
p1,1764751242.1776,3.527,-43.2,-65.27,22.04
p1,1764751242.2949,3.524,-43.31,-65.5,22.16
p1,1764751242.4266,3.525,-43.21,-65.64,22.41
G,1764751246,13.09145,-16.76956,16.7
C,1764751247.406,4,0
p1,1764751252.2551,3.525,-42.96,-66.73,23.75
p1,1764751252.2771,3.526,-43.13,-67.33,24.19
p1,1764751252.3941,3.527,-43.21,-65.99,22.76
p1,1764751252.5261,3.524,-43.15,-67.51,24.35
p1,1764751262.3546,3.523,-43.11,-66.89,23.76
p1,1764751262.3764,3.524,-43.03,-67.03,23.98
p1,1764751262.4936,3.525,-43.04,-66.82,23.75
p1,1764751262.6254,3.524,-43.03,-65.88,22.82
p1,1764751272.4539,3.521,-43.05,-67.36,24.29
p1,1764751272.4759,3.527,-43.08,-67.39,24.29
p1,1764751272.5931,3.522,-42.8,-68.49,25.68
p1,1764751272.7249,3.524,-42.99,-67.49,24.48
p1,1764751282.5534,3.522,-42.91,-67.87,24.94
p1,1764751282.5754,3.527,-42.89,-67.7,24.79
p1,1764751282.6926,3.523,-42.94,-66.97,24.01
p1,1764751282.8244,3.525,-42.8,-67.47,24.66
C,1764751287.404,5,0
p1,1764751292.6529,3.522,-42.94,-67.08,24.12
p1,1764751292.6749,3.525,-42.82,-66.32,23.48
p1,1764751292.7918,3.526,-43.14,-65.96,22.79
p1,1764751292.9238,3.524,-42.87,-67.22,24.34
p1,1764751302.7521,3.521,-45.69,-52.79,6.152
p1,1764751302.7523,3.522,-42.86,-67.3,24.42
p1,1764751302.7741,3.525,-43.04,-67.29,24.24
p1,1764751302.8913,3.524,-43.01,-68.26,25.24
p1,1764751303.0233,3.523,-42.97,-67.29,24.31
G,1764751306,13.09145,-16.769565,17.1
C,1764751307.395,4,0
p1,1764751312.8516,3.521,-42.98,-67.46,24.47
p1,1764751312.8736,3.525,-42.8,-68.12,25.31
p1,1764751312.9908,3.526,-42.88,-68.7,25.8
p1,1764751313.1226,3.525,-42.96,-67.22,24.23
p1,1764751322.9511,3.523,-42.9,-67.52,24.61
p1,1764751322.9731,3.526,-42.95,-67.02,24.06
p1,1764751323.0903,3.525,-43.11,-67.58,24.46
p1,1764751323.2221,3.524,-42.99,-68.37,25.38
p1,1764751333.0506,3.524,-43.41,-66.72,23.29
p1,1764751333.0726,3.52,-43.48,-65.45,21.95
p1,1764751333.1896,3.525,-43.32,-64.63,21.27
p1,1764751333.3216,3.525,-43.52,-64.12,20.57
p1,1764751343.1501,3.524,-43.37,-65.73,22.34
p1,1764751343.1718,3.526,-43.23,-65.14,21.88
p1,1764751343.1721,-4.79,-52.22,-67.02,14.66
p1,1764751343.2891,3.526,-43.29,-66.42,23.11
p1,1764751343.4211,3.523,-43.07,-65.62,22.53
C,1764751347.405,5,0
p1,1764751353.2493,3.522,-43.11,-67.48,24.36
p1,1764751353.2713,3.525,-43.12,-68.3,25.17
p1,1764751353.3886,3.527,-43.08,-67.59,24.49
p1,1764751353.5203,3.525,-43.28,-67.02,23.72
p1,1764751363.3488,3.522,-43.09,-67.6,24.49
p1,1764751363.3708,3.527,-43.21,-68.09,24.87
p1,1764751363.4881,3.524,-43.04,-67.48,24.42
p1,1764751363.6198,3.522,-43.23,-67.9,24.66
G,1764751366,13.091446667,-16.769565,17.6
C,1764751367.41,4,0
p1,1764751373.4483,3.525,-43.04,-68.14,25.08
p1,1764751373.4703,3.524,-43.19,-67.74,24.53
p1,1764751373.5873,4.792,-52.94,-66.88,13.76
p1,1764751373.5875,3.524,-43.35,-65.07,21.69
p1,1764751373.7193,3.522,-43.05,-67.32,24.25
p1,1764751383.5475,3.524,-45.85,-52.93,6.129
p1,1764751383.5478,3.525,-43.11,-68.22,25.1
p1,1764751383.5698,3.525,-43.03,-66.77,23.72
p1,1764751383.6868,3.525,-42.99,-67.61,24.6
p1,1764751383.8188,3.526,-43.07,-67.01,23.93
C,1764751387.408,5,0
p1,1764751393.6471,3.524,-42.96,-67.67,24.7
p1,1764751393.6473,3.522,-45.67,-52.92,6.337
p1,1764751393.6690,3.527,-42.71,-68.22,25.5
p1,1764751393.7863,3.524,-42.91,-68.68,25.76
p1,1764751393.9180,3.524,-42.94,-67.52,24.57
p1,1764751403.7466,3.525,-42.77,-67.15,24.36
p1,1764751403.7686,3.529,-42.71,-67.72,24.99
p1,1764751403.8858,3.523,-42.89,-68.66,25.76
p1,1764751404.0176,3.523,-42.79,-68.38,25.58
C,1764751407.407,4,0
p1,1764751413.8460,3.521,-42.96,-67.31,24.33
p1,1764751413.8680,3.525,-43.01,-67.63,24.6
p1,1764751413.9853,3.524,-43.07,-65.68,22.59
p1,1764751414.1170,3.521,-43.02,-67.19,24.16
p1,1764751423.9455,3.523,-42.94,-67.42,24.47
p1,1764751423.9675,3.524,-42.84,-66.8,23.94
p1,1764751424.0845,3.523,-42.94,-67.32,24.36
p1,1764751424.2165,3.526,-42.99,-66.84,23.83
G,1764751426,13.091445,-16.769566667,18.4
p1,1764751434.0448,3.52,-43.35,-64.83,21.45
p1,1764751434.0450,4.723,-52.89,-65.61,12.48
p1,1764751434.0668,3.528,-42.99,-66.52,23.51
p1,1764751434.1840,3.526,-43.06,-67.31,24.24
p1,1764751434.3158,3.523,-43.18,-67.63,24.43
p1,1764751444.1443,3.527,-43.74,-67.03,23.27
p1,1764751444.1663,3.524,-43.45,-66.94,23.47
p1,1764751444.2835,3.523,-41.83,-66.81,24.96
p1,1764751444.4153,3.523,-41.27,-66.65,25.37
C,1764751447.411,5,0
p1,1764751454.2438,3.527,-53.66,-62.3,7.995
p1,1764751454.2658,3.515,-54.43,-62.39,7.206
p1,1764751454.3828,3.522,-54.79,-62.84,7.307
p1,1764751454.5148,3.551,-51.96,-62.31,9.935
p1,1764751464.3433,3.523,-36.36,-63.76,27.39
p1,1764751464.3650,3.526,-40.46,-52.14,11.38
p1,1764751464.3653,3.527,-36.75,-62.27,25.51
p1,1764751464.4823,3.525,-37.85,-63.88,26.01
p1,1764751464.6143,3.527,-38.8,-63.28,24.46
C,1764751467.406,4,0
p1,1764751474.4428,3.523,-37.37,-64.33,26.95
p1,1764751474.4645,3.525,-37.22,-66.06,28.83
p1,1764751474.5818,3.524,-38.33,-66.99,28.65
p1,1764751474.7135,3.525,-35.54,-61.49,25.94
p1,1764751484.5420,3.522,-32.32,-61.07,28.75
p1,1764751484.5640,3.525,-32.37,-62.72,30.35
p1,1764751484.6812,3.526,-36.13,-65.42,29.29
p1,1764751484.8130,3.523,-39.56,-64.24,24.66
G,1764751486,13.091505,-16.769276667,18.2
p1,1764751494.6415,3.523,-24.85,-63.09,38.24
p1,1764751494.6635,3.525,-24.54,-61.25,36.72
p1,1764751494.7807,3.524,-24.05,-54.45,30.4
p1,1764751494.9125,3.524,-22.78,-62.27,39.49
p1,1764751504.7410,3.569,-3.804,-39.31,35.5
p1,1764751504.7630,3.57,-4.084,-34.57,30.48
p1,1764751504.8800,3.586,-6.583,-36.91,30.32
p1,1764751505.0120,3.507,-9.107,-41.58,32.47
C,1764751507.409,5,0
p1,1764751514.8405,3.574,-5.07,-32.83,27.75
p1,1764751514.8623,3.58,-3.788,-34.48,30.69
p1,1764751514.9795,3.576,-3.225,-41.53,38.31
p1,1764751515.1113,3.578,-3.652,-32.53,28.87
p1,1764751524.9397,3.507,-10.66,-45.8,35.13
p1,1764751524.9617,3.51,-10.47,-48.12,37.65
p1,1764751525.0790,3.508,-7.39,-42.4,35.01
p1,1764751525.2107,3.507,-4.873,-42.87,37.99
C,1764751527.408,4,0
p1,1764751535.0392,3.474,-10.22,-49.82,39.59
p1,1764751535.0612,3.478,-10.25,-45.35,35.1
p1,1764751535.1785,3.477,-10.36,-38.74,28.37
p1,1764751535.3102,3.476,-10.29,-47.35,37.05
p1,1764751539.1725,6.323,-62.98,-70.74,6.959
p1,1764751539.1732,4.644,-62.75,-69.88,6.198
p1,1764751545.1387,3.488,-4.935,-35.17,30.23
p1,1764751545.1607,3.489,-4.874,-33.36,28.48
p1,1764751545.2777,3.495,-4.552,-37.17,32.62
p1,1764751545.4097,3.53,-3.592,-31.89,28.29
G,1764751546,13.091521667,-16.769233333,17.2
C,1764751547.399,5,0
p1,1764751555.2380,3.478,-15.41,-45.62,30.2
p1,1764751555.2600,3.484,-15.69,-48.12,32.43
p1,1764751555.3772,3.48,-21.72,-60.81,39.09
p1,1764751555.5089,3.482,-25.13,-57.41,32.29
p1,1764751565.3375,3.471,-25.09,-61.64,36.54
p1,1764751565.3595,3.474,-24.94,-63.57,38.63
p1,1764751565.4767,3.473,-24.32,-56.69,32.36
p1,1764751565.6085,3.472,-23.97,-62.54,38.57
C,1764751567.408,4,0
p1,1764751575.4370,3.477,-27.8,-61.6,33.8
p1,1764751575.4590,3.48,-27.71,-59.7,31.99
p1,1764751575.5760,3.467,-28.2,-56.55,28.35
p1,1764751575.7080,3.468,-28.57,-60.2,31.62
p1,1764751585.5365,3.474,-23.59,-51.91,28.31
p1,1764751585.5582,3.474,-23.55,-52.12,28.56
p1,1764751585.6755,3.48,-22.55,-60.11,37.56
p1,1764751585.8072,3.47,-31.88,-59.56,27.68
p1,1764751595.6357,3.503,-34.91,-64.81,29.89
p1,1764751595.6577,3.506,-35.03,-67.46,32.43
p1,1764751595.7750,3.506,-35.02,-66.98,31.96
p1,1764751595.9067,3.472,-32.24,-65.48,33.24
p1,1764751605.7352,3.485,-22.89,-61.79,38.9
p1,1764751605.7572,3.489,-22.74,-60,37.25
p1,1764751605.8744,3.502,-19.5,-48.87,29.36
p1,1764751606.0062,3.484,-24.24,-61.4,37.16
G,1764751606,13.091521667,-16.769233333,17.1
C,1764751607.408,5,0
p1,1764751615.8347,3.469,-38.31,-66.36,28.04
p1,1764751615.8567,3.47,-38.34,-64.48,26.13
p1,1764751615.9737,3.466,-38.66,-66.06,27.39
p1,1764751616.1054,3.468,-41.55,-52.92,11.04
p1,1764751616.1057,3.471,-38.61,-66.36,27.74
p1,1764751625.9339,3.478,-38.09,-64.27,26.17
p1,1764751625.9559,3.481,-38.11,-65.99,27.87
p1,1764751625.9562,3.484,-41.28,-52.69,11.08
p1,1764751626.0732,3.479,-38,-68.82,30.81
p1,1764751626.2049,3.478,-38.15,-65.53,27.38
C,1764751627.408,4,0
p1,1764751636.0334,3.487,-38.36,-62.8,24.42
p1,1764751636.0554,3.488,-38.25,-64.02,25.76
p1,1764751636.1727,3.488,-38.85,-63.87,25
p1,1764751636.3044,3.489,-38.63,-62.95,24.31
p1,1764751646.1329,3.497,-44.42,-67.42,22.98
p1,1764751646.1549,3.498,-44.47,-66.79,22.3
p1,1764751646.2722,3.498,-44.42,-68.09,23.65
p1,1764751646.4039,3.497,-44.58,-68.79,24.19
C,1764751647.409,5,0
C,1764751654.395,5,0
p1,1764751656.2324,3.499,-55.72,-67.02,10.96
p1,1764751656.2542,3.507,-55.3,-68.07,12.53
p1,1764751656.3714,3.497,-55.27,-70.63,15.24
p1,1764751656.5032,3.498,-55.77,-70.1,14.16
p1,1764751666.3316,3.505,-52.5,-65.58,12.86
p1,1764751666.3536,3.511,-52.45,-66.82,14.21
p1,1764751666.4709,3.512,-53.01,-69.36,16.24
p1,1764751666.4712,4.659,-61.57,-70.45,8.284
p1,1764751666.6027,3.495,-53.65,-68.33,14.53
G,1764751666,13.091676667,-16.76895,21.7
p1,1764751676.7022,3.526,-59.54,-68.55,8.423
C,1764751687.412,4,0
p1,1764751696.6302,3.51,-62.18,-73.11,10.56
p1,1764751696.6519,3.524,-62.11,-73.49,11.05
p1,1764751696.7692,3.509,-62.32,-73.51,10.85
p1,1764751696.9011,3.519,-61.27,-73.92,12.4
p1,1764751706.7294,3.52,-61.75,-73.7,11.66
p1,1764751706.7514,3.526,-62.18,-74.03,11.56
p1,1764751706.8686,3.528,-62.44,-73.04,10.2
p1,1764751707.0004,3.528,-61.77,-73.43,11.36
C,1764751707.41,5,0
p1,1764751716.8289,3.519,-61.95,-73.28,11
p1,1764751716.8509,3.521,-61.84,-73.43,11.28
p1,1764751716.9681,3.524,-61.53,-72.84,10.98
p1,1764751717.0999,3.518,-62.04,-73.75,11.4
p1,1764751726.9284,3.512,-61.61,-73.94,12.07
p1,1764751726.9504,3.52,-61.47,-73.27,11.51
p1,1764751727.0674,3.531,-61.79,-73.44,11.33
p1,1764751727.1994,3.518,-62.38,-73.36,10.61
G,1764751726,13.091915,-16.768893333,23.3
C,1764751727.411,4,0
p1,1764751737.0276,3.523,-62,-72.79,10.42
p1,1764751737.0496,3.521,-61.78,-74.04,11.99
p1,1764751737.1669,3.524,-61.78,-73.5,11.41
p1,1764751737.2986,3.519,-61.89,-72.93,10.68
p1,1764751747.1271,3.517,-61.33,-72.74,11.08
p1,1764751747.1491,3.522,-61.92,-72.89,10.6
p1,1764751747.2664,3.524,-61.57,-73.63,11.78
p1,1764751747.3981,3.531,-62.32,-73.45,10.78
p1,1764751757.2266,3.516,-61.25,-74.3,12.83
p1,1764751757.2486,3.52,-61.56,-73.49,11.65
p1,1764751757.3659,3.526,-61.53,-73.68,11.87
p1,1764751757.4976,3.525,-61.41,-74.45,12.81
p1,1764751767.3261,3.518,-61.91,-73.39,11.17
p1,1764751767.3481,3.528,-61.74,-73.69,11.66
C,1764751767.412,5,0
p1,1764751767.4654,3.53,-61.79,-72.99,10.86
p1,1764751767.5971,3.528,-61.83,-73.66,11.54
p1,1764751777.4254,3.531,-61.99,-73.45,11.13
p1,1764751777.4474,3.509,-61.72,-73.46,11.44
p1,1764751777.5646,3.52,-61.82,-73.59,11.47
p1,1764751777.6964,3.523,-61.47,-73.41,11.65
G,1764751786,13.091916667,-16.768896667,23
C,1764751787.413,4,0
p1,1764751787.5248,3.525,-61.77,-73.26,11.18
p1,1764751787.5469,3.523,-61.37,-73.51,11.87
p1,1764751787.6641,3.522,-61.54,-73.42,11.59
p1,1764751787.7958,3.536,-61.57,-72.95,11.04
p1,1764751797.6243,3.535,-61.5,-73.66,11.89
p1,1764751797.6463,3.518,-61.69,-73.41,11.42
p1,1764751797.7636,3.527,-62.03,-73.3,10.93
p1,1764751797.8954,3.521,-61.94,-73.82,11.59
p1,1764751807.7238,3.533,-61.6,-73.28,11.38
p1,1764751807.7458,3.535,-62.36,-73.26,10.53
p1,1764751807.8629,3.526,-62.38,-73.14,10.38
p1,1764751807.9949,3.526,-62.17,-73.06,10.51
p1,1764751817.8234,3.524,-62.36,-73.67,10.98
p1,1764751817.8451,3.528,-61.28,-73.4,11.84
p1,1764751817.9624,3.534,-61.84,-73.23,11.07
p1,1764751818.0944,3.522,-62.52,-73.12,10.21
C,1764751827.41,5,0
p1,1764751827.9226,3.514,-61.33,-73.11,11.48
p1,1764751827.9446,3.527,-61.09,-72.32,10.88
p1,1764751828.0619,3.52,-61.73,-73.39,11.35
p1,1764751828.1936,3.535,-61.5,-73.8,12.03
p1,1764751838.0221,3.53,-61.68,-72.98,10.97
p1,1764751838.0441,3.542,-61.49,-72.05,10.17
p1,1764751838.1613,3.529,-61.86,-73.17,10.97
p1,1764751838.2931,3.548,-62.11,-73.65,11.23
G,1764751846,13.091901667,-16.768895,22.3
C,1764751847.409,4,0
p1,1764751848.1216,3.521,-61.75,-73.22,11.16
p1,1764751848.1436,3.524,-62.13,-72.96,10.45
p1,1764751848.2606,3.523,-61.3,-73.1,11.5
p1,1764751848.3926,3.522,-61.87,-73.61,11.44
p1,1764751858.2208,3.528,-61.68,-74.08,12.14
p1,1764751858.2431,3.527,-62.13,-73.03,10.54
p1,1764751858.3601,3.527,-61.87,-74.06,11.92
p1,1764751858.4918,3.523,-61.38,-73.51,11.86
C,1764751867.41,5,0
p1,1764751868.3203,3.519,-61.36,-73.42,11.78
p1,1764751868.3423,3.53,-61.59,-74.27,12.44
p1,1764751868.4596,3.537,-61.94,-73.46,11.2
p1,1764751868.5913,3.531,-61.58,-73.65,11.8
p1,1764751878.4198,3.527,-61.75,-73.78,11.75
p1,1764751878.4418,3.538,-62.42,-73.81,11.06
p1,1764751878.5588,3.528,-61.71,-73.64,11.64
p1,1764751878.6908,3.544,-61.35,-73.55,11.94
C,1764751887.409,4,0
p1,1764751888.5193,3.536,-61.49,-73.41,11.63
p1,1764751888.5413,3.535,-61.76,-73.33,11.25
p1,1764751888.6583,3.522,-61.67,-73.17,11.18
p1,1764751888.7903,3.534,-61.52,-73.46,11.65
p1,1764751898.6188,3.535,-61.64,-73.84,11.92
p1,1764751898.6406,3.533,-61.55,-73.83,12.01
p1,1764751898.7578,3.528,-61.16,-73.25,11.82
p1,1764751898.8896,3.526,-61.65,-73.3,11.34
G,1764751906,13.091906667,-16.768885,22
p1,1764751908.7180,3.52,-61.32,-74.22,12.67
p1,1764751908.7401,3.525,-61.56,-73.11,11.23
p1,1764751908.8573,3.537,-61.52,-73.34,11.53
p1,1764751908.9890,3.527,-61.01,-73.51,12.25
p1,1764751918.8175,3.532,-61.52,-73.54,11.74
p1,1764751918.8395,3.523,-61.64,-73.71,11.79
p1,1764751918.9568,3.512,-61.84,-72.46,10.23
p1,1764751919.0885,3.523,-61.59,-73.69,11.82
C,1764751927.412,5,0
p1,1764751928.9170,3.522,-61.54,-73.67,11.86
p1,1764751928.9391,3.536,-61.51,-73.37,11.57
p1,1764751929.0560,3.537,-62.2,-73.2,10.63
p1,1764751929.1880,3.535,-61.62,-73.14,11.2
p1,1764751939.0166,3.529,-61.53,-73.71,11.91
p1,1764751939.0383,3.528,-61.63,-74.1,12.22
p1,1764751939.1555,3.54,-61.34,-73.16,11.53
p1,1764751939.2875,3.517,-61.81,-73.29,11.15
C,1764751947.412,4,0
p1,1764751949.1158,3.532,-61.55,-73.73,11.91
p1,1764751949.1378,3.535,-61.38,-73.81,12.17
p1,1764751949.2551,3.54,-61.83,-74.02,11.92
p1,1764751949.3868,3.537,-61.76,-73.36,11.3
p1,1764751959.2153,3.519,-62.32,-73.55,10.89
p1,1764751959.2373,3.543,-62.18,-73.55,11.05
p1,1764751959.3545,3.534,-62.08,-73.86,11.49
p1,1764751959.4863,3.533,-61.86,-73.05,10.84
G,1764751966,13.09191,-16.768881667,21.5
C,1764751967.411,5,0
p1,1764751969.3148,3.529,-61.7,-73.32,11.31
p1,1764751969.3368,3.536,-62.05,-73.64,11.27
p1,1764751969.4538,3.529,-62.46,-73.74,10.95
p1,1764751969.5855,3.544,-61.31,-72.95,11.34
p1,1764751979.4143,3.522,-62.67,-73.35,10.29
p1,1764751979.4360,3.548,-61.04,-73.29,11.98
p1,1764751979.5533,3.528,-62.11,-73.52,11.08
p1,1764751979.6850,3.543,-62.26,-72.75,10.09
p1,1764751989.5135,3.525,-62.38,-73.3,10.55
p1,1764751989.5355,3.543,-61.39,-74.08,12.45
p1,1764751989.6528,3.526,-62.53,-73.77,10.91
p1,1764751989.7845,3.532,-61.84,-73.46,11.31
p1,1764751999.6130,3.535,-61.99,-73.23,10.91
p1,1764751999.6350,3.534,-61.75,-73.02,10.93
p1,1764751999.7523,3.525,-62.2,-73.16,10.6
p1,1764751999.8840,3.532,-62.09,-73.62,11.22
C,1764752007.415,4,0
p1,1764752009.7125,3.519,-62.23,-73.15,10.55
p1,1764752009.7343,3.539,-62.23,-72.32,9.644
p1,1764752009.8515,3.524,-61.89,-74.27,12.13
p1,1764752009.9835,3.529,-61.7,-73.53,11.54
p1,1764752019.8117,3.531,-61.89,-73.67,11.49
p1,1764752019.8338,3.526,-61.62,-73.34,11.42
p1,1764752019.9510,3.539,-61.44,-73.72,12.02
p1,1764752020.0827,3.544,-61.58,-74.21,12.39
G,1764752026,13.091908333,-16.768873333,21
C,1764752027.411,5,0
p1,1764752029.9112,3.524,-62.05,-73.47,11.09
p1,1764752029.9332,3.54,-61.26,-73.38,11.85
p1,1764752030.0505,3.542,-62.91,-73.49,10.17
p1,1764752030.1822,3.536,-62.27,-73.33,10.71
p1,1764752040.0108,3.532,-61.84,-73.5,11.35
p1,1764752040.0328,3.522,-61.95,-73.7,11.45
p1,1764752040.1500,3.532,-62.17,-73.73,11.25
p1,1764752040.2818,3.525,-61.73,-73.52,11.49
C,1764752047.409,4,0
p1,1764752050.1103,3.534,-62.12,-72.97,10.48
p1,1764752050.1323,3.529,-61.54,-73.29,11.44
p1,1764752050.2492,3.52,-62.04,-73.61,11.26
p1,1764752050.3812,3.53,-62.08,-73.58,11.18
p1,1764752060.2097,3.529,-61.85,-73.22,11.04
p1,1764752060.2315,3.533,-61.49,-73.74,11.98
p1,1764752060.3487,3.54,-61.82,-73.79,11.68
p1,1764752060.4805,3.533,-61.8,-73.37,11.26
p1,1764752070.3090,3.524,-62.05,-73.42,11.04
p1,1764752070.3310,3.534,-61.99,-73.31,10.99
p1,1764752070.4482,3.519,-61.96,-73.82,11.57
p1,1764752070.5800,3.543,-61.49,-73.56,11.79
p1,1764752080.4085,3.538,-61.62,-72.99,11.04
p1,1764752080.4305,3.543,-61.42,-73.3,11.59
p1,1764752080.5477,3.521,-62.34,-73.52,10.84
p1,1764752080.6795,3.534,-61.67,-72.95,10.94
G,1764752086,13.09191,-16.768865,20.6
C,1764752087.414,5,0
p1,1764752090.5080,3.525,-61.29,-73.11,11.52
p1,1764752090.5300,3.542,-61.32,-73.52,11.94
p1,1764752090.6470,3.53,-61.41,-72.94,11.21
p1,1764752090.7790,3.533,-61.75,-73.87,11.85
p1,1764752100.6075,3.528,-62.33,-73.71,11.05
p1,1764752100.6292,3.538,-62.05,-73.49,11.11
p1,1764752100.7465,3.531,-61.3,-73.76,12.2
p1,1764752100.8782,3.531,-62.06,-73.75,11.39
C,1764752107.412,4,0
p1,1764752110.7067,3.524,-61.82,-73.76,11.65
p1,1764752110.7287,3.52,-61.79,-73.87,11.8
p1,1764752110.8460,3.549,-61.77,-73.23,11.14
p1,1764752110.9777,3.526,-61.62,-73.36,11.44
p1,1764752120.8062,3.528,-61.12,-73.48,12.09
p1,1764752120.8282,3.535,-61.76,-73.37,11.31
p1,1764752120.9455,3.521,-61.65,-73.57,11.63
p1,1764752121.0772,3.526,-61.5,-73.41,11.62
p1,1764752130.9057,3.534,-61.85,-73.69,11.54
p1,1764752130.9277,3.536,-61.33,-73.82,12.23
p1,1764752131.0450,3.531,-61.91,-72.99,10.73
p1,1764752131.1767,3.537,-61.58,-73.69,11.83
p1,1764752141.0050,3.534,-62.11,-74.03,11.63
p1,1764752141.0270,3.544,-61.9,-73.76,11.57
p1,1764752141.1442,3.54,-62.24,-74.02,11.49
p1,1764752141.2762,3.532,-61.52,-73.7,11.91
G,1764752146,13.09191,-16.768863333,20.4
C,1764752147.411,5,0
p1,1764752151.1045,3.534,-61.26,-73.56,12.04
p1,1764752151.1264,3.528,-61.74,-73.41,11.36
p1,1764752151.2437,3.539,-61.64,-73.38,11.44
p1,1764752151.3754,3.534,-61.42,-73.1,11.37
p1,1764752161.2039,3.521,-60.63,-73.35,12.48
p1,1764752161.2259,3.52,-61.89,-73.68,11.49
p1,1764752161.3432,3.529,-61.85,-73.34,11.16
p1,1764752161.4749,3.54,-61.06,-73.51,12.19
C,1764752167.412,4,0
p1,1764752171.3035,3.514,-61.78,-73.82,11.75
p1,1764752171.3255,3.538,-61.72,-73.31,11.28
p1,1764752171.4424,3.53,-61.35,-73.57,11.96
p1,1764752171.5744,3.536,-61.61,-73.14,11.22
p1,1764752181.4029,3.529,-61.38,-73.41,11.74
p1,1764752181.4247,3.544,-61.23,-73.67,12.19
p1,1764752181.5419,3.522,-62.63,-72.97,9.918
p1,1764752181.6737,3.532,-61.84,-73.59,11.44
C,1764752188.004,5,0
p1,1764752191.5022,3.527,-61.3,-73.57,12
p1,1764752191.5242,3.545,-61.12,-73.2,11.8
p1,1764752191.6414,3.521,-61.19,-73.24,11.77
p1,1764752191.7732,3.546,-61.24,-73.39,11.88
p1,1764752201.6017,3.527,-61.54,-73.85,12.04
p1,1764752201.6237,3.533,-61.12,-73.15,11.74
p1,1764752201.7407,3.538,-61.85,-73.63,11.48
p1,1764752201.8727,3.531,-61.74,-73.65,11.63
G,1764752206,13.091908333,-16.768855,20.2
C,1764752208.006,4,0
p1,1764752211.7012,3.528,-61.37,-73.35,11.7
p1,1764752211.7232,3.533,-62,-73.55,11.23
p1,1764752211.8402,3.532,-61.23,-73.22,11.71
p1,1764752211.9722,3.536,-61.41,-73.39,11.7
p1,1764752221.8007,3.529,-61.15,-73.16,11.73
p1,1764752221.8227,3.535,-61.71,-73.15,11.11
p1,1764752221.9397,3.53,-62.27,-74.06,11.49
p1,1764752222.0717,3.53,-61.79,-73.39,11.29
p1,1764752231.9002,3.522,-62.68,-72.77,9.645
p1,1764752231.9219,3.538,-62.23,-72.64,9.991
p1,1764752232.0392,3.536,-62.49,-73.32,10.46
p1,1764752232.1709,3.522,-61.62,-73.16,11.23
p1,1764752241.9994,3.538,-61.68,-73.1,11.09
p1,1764752242.0214,3.53,-62.03,-73.21,10.84
p1,1764752242.1387,3.529,-61.83,-73.42,11.29
p1,1764752242.2704,3.532,-62.14,-73.72,11.27
C,1764752248.007,5,0
