port, timestamp,snr,signal,noise,ms
C,1764322461.372,4,0
G,1764322498,13.069075,-16.747463333,17.6
C,1764322519.073,5,0
C,1764322539.073,4,0
G,1764322558,13.069076667,-16.747463333,17.7
C,1764322579.073,5,0
C,1764322599.074,4,0
G,1764322618,13.069073333,-16.747465,17.4
C,1764322619.073,5,0
C,1764322639.074,4,0
G,1764322678,13.069075,-16.747466667,17.5
C,1764322679.076,5,0
C,1764322699.067,4,0
G,1764322738,13.069075,-16.747466667,17.6
C,1764322739.078,5,0
C,1764322759.077,4,0
C,1764322779.078,5,0
G,1764322798,13.069075,-16.747468333,17.3
C,1764322799.079,4,0
C,1764322839.081,5,0
G,1764322858,13.069076667,-16.747468333,17.3
C,1764322859.079,4,0
C,1764322899.084,5,0
G,1764322918,13.069076667,-16.74747,17.4
C,1764322919.083,4,0
p1,1764322937.1430,3.47,-67.77,-75.5,6.935
G,1764322978,13.069076667,-16.747471667,17.3
p1,1764322998.0105,3.487,-66,-74.89,8.282
C,1764322999.074,5,0
p1,1764323007.8390,3.491,-57.27,-74.81,17.47
p1,1764323007.8610,3.503,-57.34,-75.14,17.72
p1,1764323007.9783,3.501,-57.02,-74.89,17.8
p1,1764323008.1100,3.501,-57.56,-75.43,17.8
p1,1764323017.9385,3.489,-58.91,-74.18,15.13
p1,1764323017.9605,3.498,-58.92,-74.5,15.46
p1,1764323018.0775,4.663,-68.36,-75.42,6.099
p1,1764323018.0777,3.495,-59.03,-74.56,15.4
p1,1764323018.2095,3.49,-59.31,-75.14,15.71
C,1764323019.084,4,0
p1,1764323028.0380,3.49,-57.19,-74.83,17.57
p1,1764323028.0600,3.492,-57.59,-74.52,16.84
p1,1764323028.1770,3.484,-57.6,-74.16,16.46
p1,1764323028.3090,3.493,-57.58,-74.78,17.12
p1,1764323038.1372,3.476,-57.4,-74.74,17.26
p1,1764323038.1375,4.642,-66.9,-75.48,7.935
p1,1764323038.1592,3.486,-57.65,-74.53,16.79
p1,1764323038.2765,3.484,-57.24,-74.78,17.46
p1,1764323038.4082,3.487,-57.33,-75.16,17.76
G,1764323038,13.069075,-16.747471667,17.2
p1,1764323048.2367,3.482,-63.37,-74.83,11.14
p1,1764323048.2587,3.473,-63.14,-74.99,11.55
p1,1764323048.3760,3.485,-62.42,-74.71,12.02
p1,1764323048.5077,3.47,-62.35,-75.6,13.04
p1,1764323058.3362,3.485,-57.71,-75.78,18.01
p1,1764323058.3582,3.485,-57.64,-74.74,17.01
p1,1764323058.4752,3.492,-57.32,-75.05,17.65
p1,1764323058.4755,-4.642,-66.97,-75.8,8.224
p1,1764323058.6072,3.484,-57.45,-75.12,17.59
C,1764323059.084,5,0
C,1764323061.873,5,0
p1,1764323068.4357,3.459,-67.4,-76.05,8.006
p1,1764323068.4575,3.502,-65.65,-75.74,9.645
p1,1764323068.5747,3.504,-67,-75.11,7.382
p1,1764323068.7067,3.488,-66.65,-74.86,7.495
p1,1764323078.5349,3.471,-62.97,-74.89,11.63
p1,1764323078.5570,3.499,-63.57,-74.85,10.94
p1,1764323078.6742,3.495,-61.62,-75.43,13.63
p1,1764323078.8059,3.488,-62.56,-75.61,12.83
C,1764323079.083,4,0
p1,1764323088.6344,3.494,-62.65,-74.45,11.5
p1,1764323088.6564,3.486,-62.72,-74.7,11.69
p1,1764323088.7737,3.489,-62.36,-74.81,12.19
p1,1764323088.9055,3.489,-62.91,-74.85,11.65
p1,1764323098.7340,3.472,-64.03,-75,10.6
p1,1764323098.7559,3.497,-64.47,-74.75,9.859
p1,1764323098.8732,3.502,-65.11,-75.34,9.795
G,1764323098,13.069076667,-16.747471667,17.3
p1,1764323099.0049,3.488,-62.21,-74.59,12.12
C,1764323099.084,5,0
p1,1764323108.8332,3.496,-62.91,-74.62,11.4
p1,1764323108.8552,3.493,-62.7,-74.31,11.3
p1,1764323108.9724,3.487,-62.18,-74.47,12.03
p1,1764323109.1045,3.488,-61.83,-74.36,12.28
p1,1764323118.9327,3.488,-64.24,-74.67,10.01
p1,1764323118.9547,3.488,-63.33,-74.63,10.97
C,1764323119.083,4,0
p1,1764323119.0719,3.475,-65.41,-74.74,8.79
p1,1764323119.2037,3.492,-63.67,-75.28,11.3
p1,1764323129.0322,3.478,-66.35,-75.16,8.194
p1,1764323129.0542,3.454,-67.02,-74.93,7.141
p1,1764323129.1714,3.483,-65.71,-75.12,8.886
p1,1764323129.3032,3.487,-65.04,-74.97,9.467
p1,1764323139.1317,3.482,-67.64,-75.45,7.018
p1,1764323139.1537,3.495,-67.41,-75.27,7.085
p1,1764323139.2704,3.462,-66.89,-75.11,7.511
p1,1764323139.4024,3.493,-67.3,-74.7,6.53
p1,1764323149.2312,3.467,-66.06,-75.86,9.318
p1,1764323149.2529,3.496,-66.43,-75.4,8.378
p1,1764323149.3702,3.468,-65.79,-74.69,8.299
p1,1764323149.5019,3.473,-65.87,-75.11,8.685
G,1764323158,13.069075,-16.747468333,17.1
C,1764323159.086,5,0
p1,1764323159.3307,3.495,-62.96,-75.13,11.9
p1,1764323159.3524,3.503,-62.79,-74.52,11.43
p1,1764323159.4697,3.474,-65.53,-74.87,8.803
p1,1764323159.6014,3.491,-65.47,-74.9,8.906
p1,1764323169.4299,3.508,-63.1,-75.49,12.13
p1,1764323169.4519,3.498,-63.77,-74.9,10.78
p1,1764323169.5692,3.487,-63.62,-74.9,10.95
p1,1764323169.7009,3.493,-63.23,-74.73,11.17
C,1764323179.083,4,0
p1,1764323179.5294,3.495,-63.66,-74.43,10.38
p1,1764323179.5511,3.497,-63.89,-74.6,10.32
p1,1764323179.6684,3.497,-63.59,-74.76,10.83
p1,1764323179.8004,3.505,-63.15,-74.73,11.27
p1,1764323189.6286,3.487,-63.34,-74.98,11.33
p1,1764323189.6506,3.497,-63.1,-74.65,11.23
p1,1764323189.7679,3.491,-63.14,-74.76,11.31
p1,1764323189.8996,3.5,-63.79,-75.26,11.15
p1,1764323199.7281,3.485,-62.04,-74.29,11.98
p1,1764323199.7501,3.494,-62.19,-75.22,12.81
p1,1764323199.8674,3.501,-62.38,-74.99,12.37
p1,1764323199.9991,3.49,-61.85,-74.41,12.31
p1,1764323209.8276,3.505,-61.6,-75.16,13.37
p1,1764323209.8496,3.502,-61.27,-75.13,13.68
p1,1764323209.9669,3.506,-61.88,-74.18,12.03
p1,1764323210.0986,3.5,-61.31,-74.81,13.3
G,1764323218,13.069073333,-16.747466667,17
C,1764323219.084,5,0
p1,1764323219.9271,3.506,-62.3,-74.83,12.28
p1,1764323219.9491,3.498,-62.91,-75.11,11.93
p1,1764323220.0661,3.5,-62.11,-74.99,12.64
p1,1764323220.1979,3.483,-62.81,-74.7,11.59
p1,1764323230.0264,3.503,-63.46,-75.2,11.44
p1,1764323230.0484,3.499,-62.77,-75.58,12.57
p1,1764323230.1656,3.501,-63.13,-74.98,11.55
p1,1764323230.2974,3.487,-63.6,-75.05,11.13
C,1764323239.083,4,0
p1,1764323240.1259,3.502,-63.37,-75.13,11.46
p1,1764323240.1479,3.506,-62.94,-75.25,12.05
p1,1764323240.2651,3.496,-63.71,-75.02,10.98
p1,1764323240.3969,3.498,-62.96,-74.98,11.74
p1,1764323250.2254,3.502,-63.73,-75.23,11.18
p1,1764323250.2474,3.498,-63.81,-74.98,10.83
p1,1764323250.3644,3.492,-63.97,-75.28,10.97
p1,1764323250.4964,3.493,-63.55,-74.77,10.88
p1,1764323260.3249,3.507,-62.91,-74.71,11.5
p1,1764323260.3466,3.498,-62.45,-75.28,12.6
p1,1764323260.4639,3.503,-62.68,-74.95,12
p1,1764323260.5956,3.509,-62.97,-74.82,11.55
p1,1764323270.4241,3.489,-63.15,-75.54,12.13
p1,1764323270.4461,3.485,-63.41,-74.61,10.86
p1,1764323270.5633,3.496,-64.02,-74.62,10.2
p1,1764323270.6951,3.493,-62.59,-75.02,12.17
G,1764323278,13.069075,-16.747468333,16.8
p1,1764323280.5236,3.496,-63.63,-75.45,11.53
p1,1764323280.5456,3.509,-63.18,-75.08,11.61
p1,1764323280.6626,3.501,-63.58,-74.88,10.97
p1,1764323280.7946,3.496,-63.54,-75.57,11.75
p1,1764323290.6231,3.502,-63.77,-74.28,10.1
p1,1764323290.6451,3.496,-62.91,-74.9,11.7
p1,1764323290.7621,3.504,-63.47,-75.28,11.52
p1,1764323290.8941,3.491,-63.48,-74.61,10.77
p1,1764323300.7226,3.49,-63.9,-75.17,10.94
p1,1764323300.7443,3.508,-64.57,-74.49,9.455
p1,1764323300.8616,3.496,-64.46,-75.07,10.22
p1,1764323300.9933,3.506,-63.05,-74.9,11.56
p1,1764323310.8218,3.507,-63.15,-75.48,12.06
p1,1764323310.8438,3.491,-63.35,-75.41,11.79
p1,1764323310.9611,3.5,-63.09,-74.21,10.76
p1,1764323311.0928,3.496,-62.64,-75.04,12.15
C,1764323319.084,5,0
p1,1764323320.9213,3.492,-62.9,-74.41,11.2
p1,1764323320.9433,3.503,-62.97,-74.84,11.58
p1,1764323321.0603,3.508,-64.27,-74.99,10.33
p1,1764323321.1923,3.503,-63.7,-74.6,10.54
p1,1764323331.0208,3.5,-63.56,-74.31,10.36
p1,1764323331.0428,3.495,-63.03,-75.01,11.69
p1,1764323331.1598,3.49,-63.2,-74.84,11.33
p1,1764323331.2916,3.497,-64.3,-75.2,10.54
G,1764323338,13.069075,-16.747468333,16.8
C,1764323339.085,4,0
p1,1764323341.1201,3.489,-63.21,-74.68,11.16
p1,1764323341.1421,3.498,-62.98,-75.19,11.94
p1,1764323341.2593,3.512,-62.43,-73.81,11.05
p1,1764323341.3911,3.497,-62.99,-74.18,10.84
p1,1764323351.2196,3.502,-63.68,-75.1,11.1
p1,1764323351.2416,3.503,-63.61,-74.67,10.71
p1,1764323351.3588,3.499,-63,-74.97,11.68
p1,1764323351.4906,3.51,-62.65,-75.02,12.12
p1,1764323361.3191,3.496,-63.36,-74.97,11.29
p1,1764323361.3411,3.499,-63.96,-74.87,10.55
p1,1764323361.4580,3.508,-63.12,-74.52,11.07
p1,1764323361.5901,3.499,-63.22,-75.33,11.84
p1,1764323371.4183,3.51,-63.79,-74.78,10.63
p1,1764323371.4406,3.505,-62.95,-74.86,11.62
p1,1764323371.5576,3.495,-62.88,-75.34,12.21
p1,1764323371.6893,3.498,-64.09,-75.04,10.59
C,1764323379.085,5,0
p1,1764323381.5178,3.491,-62.81,-74.62,11.52
p1,1764323381.5398,3.505,-63.23,-75.04,11.51
p1,1764323381.6570,3.511,-63.27,-74.74,11.14
p1,1764323381.7888,3.501,-63.15,-74.92,11.47
p1,1764323391.6173,3.506,-63.43,-75.46,11.75
p1,1764323391.6393,3.506,-63.53,-75.16,11.32
p1,1764323391.7566,3.513,-63.31,-75.16,11.55
p1,1764323391.8883,3.486,-64.07,-74.23,9.722
G,1764323398,13.069075,-16.747466667,16.8
C,1764323399.084,4,0
p1,1764323401.7168,3.511,-64.44,-74.89,10.03
p1,1764323401.7388,3.493,-63.21,-74.24,10.68
p1,1764323401.8558,3.506,-63.75,-75.12,11.04
p1,1764323401.9878,3.5,-64.27,-75.25,10.62
p1,1764323411.8160,3.501,-64.03,-74.87,10.46
p1,1764323411.8380,3.496,-63.22,-74.98,11.46
p1,1764323411.9553,3.503,-62.89,-75.5,12.37
p1,1764323412.0870,3.513,-63.11,-74.43,10.98
p1,1764323421.9155,3.496,-63.41,-75.12,11.41
p1,1764323421.9375,3.51,-64.58,-75.19,10.21
p1,1764323422.0548,3.508,-63.01,-74.94,11.63
p1,1764323422.1865,3.518,-63.09,-74.72,11.33
p1,1764323432.0150,3.505,-63.48,-75.44,11.67
p1,1764323432.0370,3.511,-64.02,-74.98,10.6
p1,1764323432.1543,3.489,-63.2,-74.53,11
p1,1764323432.2860,3.484,-64.06,-74.68,10.23
p1,1764323442.1145,3.503,-64.11,-74.47,9.94
p1,1764323442.1365,3.506,-62.63,-74.39,11.46
p1,1764323442.2535,3.505,-63.97,-74.59,10.23
p1,1764323442.3853,3.498,-63.01,-75.3,12.03
p1,1764323452.2138,3.512,-63.1,-75.01,11.62
p1,1764323452.2358,3.496,-63.42,-75.01,11.28
p1,1764323452.3530,3.517,-62.89,-75.35,12.21
p1,1764323452.4848,3.504,-63.09,-74.98,11.6
G,1764323458,13.069075,-16.747466667,16.8
p1,1764323462.3132,3.497,-63,-75.29,12.03
p1,1764323462.3352,3.504,-63.06,-75.57,12.26
p1,1764323462.4525,3.499,-63.78,-75.02,10.9
p1,1764323462.5843,3.495,-63.09,-75.35,11.99
p1,1764323472.4127,3.489,-63.9,-74.86,10.59
p1,1764323472.4347,3.496,-63.43,-75.14,11.41
p1,1764323472.5518,3.51,-62.92,-75.23,12.04
p1,1764323472.6838,3.498,-63.37,-74.73,11.03
C,1764323479.078,5,0
p1,1764323482.5122,3.501,-63.22,-75.65,12.17
p1,1764323482.5340,3.5,-64.38,-75.81,11.11
p1,1764323482.6512,3.497,-63.13,-75.88,12.52
p1,1764323482.7830,3.508,-63.33,-74.39,10.7
p1,1764323492.6115,3.491,-63.3,-75.65,12.09
p1,1764323492.6335,3.496,-63.66,-75.25,11.28
p1,1764323492.7507,3.492,-63.29,-75.15,11.57
p1,1764323492.8825,3.492,-63.76,-75.08,10.98
C,1764323499.087,4,0
p1,1764323502.7110,3.479,-63.78,-75.26,11.15
p1,1764323502.7330,3.506,-63.4,-75.17,11.47
p1,1764323502.8502,3.514,-63.11,-75.26,11.88
p1,1764323502.9820,3.499,-63.42,-75.65,11.97
p1,1764323512.8105,3.495,-63.67,-74.81,10.79
p1,1764323512.8325,3.5,-63.8,-75,10.86
p1,1764323512.9495,3.508,-62.87,-74.73,11.57
p1,1764323513.0815,3.502,-63.99,-75.04,10.69
G,1764323518,13.069075,-16.747466667,16.8
p1,1764323522.9097,3.492,-63.94,-74.92,10.62
p1,1764323522.9317,3.513,-63.6,-74.78,10.83
p1,1764323523.0490,3.513,-63.72,-75.04,10.98
p1,1764323523.1807,3.506,-63.35,-74.86,11.19
p1,1764323533.0092,3.502,-63.5,-75.18,11.38
p1,1764323533.0312,3.501,-63.1,-75.15,11.77
p1,1764323533.1485,3.505,-63.61,-74.49,10.51
p1,1764323533.2802,3.502,-63.43,-75.17,11.44
C,1764323539.083,5,0
p1,1764323543.1087,3.51,-63.15,-75.52,12.11
p1,1764323543.1307,3.501,-63.34,-75.76,12.16
p1,1764323543.2480,3.494,-63.81,-75.3,11.16
p1,1764323543.3797,3.507,-63.61,-74.88,10.93
p1,1764323553.2080,3.498,-63.97,-74.11,9.705
p1,1764323553.2302,3.5,-63.48,-75.34,11.57
p1,1764323553.3472,3.502,-63.93,-74.86,10.57
p1,1764323553.4790,3.504,-63.83,-74.83,10.64
C,1764323559.086,4,0
p1,1764323563.3077,3.503,-63.27,-74.83,11.25
p1,1764323563.3294,3.505,-63.62,-74.91,10.96
p1,1764323563.4467,3.502,-63.18,-74.81,11.32
p1,1764323563.5785,3.499,-63.76,-75.38,11.31
p1,1764323573.4069,3.486,-63,-75.31,12.05
p1,1764323573.4289,3.5,-63.21,-75.72,12.27
p1,1764323573.5462,3.491,-63.67,-74.68,10.65
p1,1764323573.6780,3.501,-62.78,-75.94,12.94
G,1764323578,13.069076667,-16.747466667,16.9
C,1764323579.09,5,0
p1,1764323583.5064,3.499,-63.63,-75.84,11.95
p1,1764323583.5284,3.506,-63.77,-76.06,12.02
p1,1764323583.6454,3.518,-64.05,-75.26,10.87
p1,1764323583.7774,3.504,-63.08,-74.66,11.27
p1,1764323593.6059,3.502,-63.8,-75.59,11.5
p1,1764323593.6277,3.512,-63.36,-75.24,11.59
p1,1764323593.7449,3.494,-63.69,-74.87,10.83
p1,1764323593.8767,3.503,-63.99,-74.66,10.29
C,1764323599.09,4,0
p1,1764323603.7052,3.506,-63.2,-73.84,10.25
p1,1764323603.7272,3.488,-63.61,-74.49,10.52
p1,1764323603.8444,3.496,-63.48,-74.45,10.6
p1,1764323603.9762,3.496,-63.11,-74.94,11.53
p1,1764323613.8047,3.504,-63.36,-75.15,11.49
p1,1764323613.8267,3.507,-63.25,-75.06,11.51
p1,1764323613.9439,3.515,-63.97,-75.41,11.12
p1,1764323614.0757,3.495,-63.84,-75.19,11.01
p1,1764323623.9042,3.501,-63.9,-74.87,10.61
p1,1764323623.9259,3.504,-63.11,-74.94,11.54
p1,1764323624.0432,3.498,-63.41,-74.95,11.22
p1,1764323624.1752,3.502,-63.34,-74.56,10.89
p1,1764323634.0037,3.499,-63.74,-74.64,10.53
p1,1764323634.0254,3.506,-63.11,-75.44,12.06
p1,1764323634.1427,3.504,-62.91,-74.75,11.55
p1,1764323634.2744,3.502,-63.1,-75.11,11.72
G,1764323638,13.069076667,-16.747466667,16.4
C,1764323639.099,5,0
p1,1764323644.1029,3.488,-63.55,-74.74,10.85
p1,1764323644.1249,3.504,-64.42,-74.97,10.15
p1,1764323644.2422,3.503,-63.81,-75.65,11.55
p1,1764323644.3739,3.489,-63.03,-75.82,12.56
p1,1764323654.2024,3.484,-63.63,-75.7,11.79
p1,1764323654.2244,3.495,-63.79,-75.61,11.53
p1,1764323654.3416,3.508,-63.72,-76.11,12.13
p1,1764323654.4734,3.494,-63.82,-76.08,11.99
C,1764323659.093,4,0
C,1764323662.305,4,0
p1,1764323664.3019,3.498,-63.45,-74.88,11.1
p1,1764323664.3239,3.504,-63.16,-76.06,12.67
p1,1764323664.4409,3.497,-63.11,-75.02,11.63
p1,1764323664.5729,3.499,-63.5,-75.88,12.12
p1,1764323674.4011,3.501,-64.41,-74.89,10.07
p1,1764323674.4231,3.506,-63.47,-75.52,11.77
p1,1764323674.5404,3.491,-63.3,-75.71,12.14
p1,1764323674.6721,3.496,-63.74,-75.11,11.04
p1,1764323684.5006,3.498,-63.6,-74.69,10.74
p1,1764323684.5226,3.486,-63.19,-75.4,11.95
p1,1764323684.6399,3.508,-63.87,-74.95,10.73
p1,1764323684.7716,3.501,-63.18,-75.16,11.7
p1,1764323694.6001,3.484,-63.47,-75.53,11.78
p1,1764323694.6221,3.502,-63.4,-74.92,11.2
p1,1764323694.7391,3.491,-64.11,-74.83,10.34
p1,1764323694.8711,3.493,-63.85,-75.6,11.45
G,1764323698,13.069078333,-16.747466667,16.3
C,1764323699.095,5,0
p1,1764323704.6996,3.497,-63.8,-74.56,10.38
p1,1764323704.7214,3.504,-63.91,-74.64,10.34
p1,1764323704.8386,3.49,-63.93,-75.27,11.01
p1,1764323704.9704,3.484,-63.59,-75.11,11.2
p1,1764323714.7989,3.483,-63.64,-74.2,10.16
p1,1764323714.8209,3.494,-63.63,-74.18,10.15
p1,1764323714.9381,3.504,-63,-74.47,11.15
p1,1764323715.0699,3.497,-63.82,-75.84,11.74
C,1764323719.097,4,0
p1,1764323724.8984,3.493,-63.68,-75.58,11.61
p1,1764323724.9204,3.491,-63.8,-74.83,10.68
p1,1764323725.0376,3.488,-64.29,-75.91,11.31
p1,1764323725.1694,3.493,-63.41,-75.51,11.83
p1,1764323734.9979,3.504,-63.53,-75.92,12.13
p1,1764323735.0199,3.504,-63.91,-75.3,11.07
p1,1764323735.1369,3.494,-62.98,-75.05,11.79
p1,1764323735.2689,3.509,-63.36,-75.2,11.55
C,1764323739.095,5,0
p1,1764323745.0971,3.488,-64.21,-75.68,11.15
p1,1764323745.1191,3.504,-63.87,-74.8,10.56
p1,1764323745.2364,3.491,-63.63,-75.4,11.46
p1,1764323745.3681,3.5,-64.14,-75.44,10.96
p1,1764323755.1966,3.496,-63.43,-74.46,10.68
p1,1764323755.2186,3.5,-63.73,-74.6,10.5
p1,1764323755.3359,3.482,-63.68,-76.1,12.16
p1,1764323755.4676,3.488,-63.46,-75.09,11.32
G,1764323758,13.069086667,-16.747463333,16.6
C,1764323759.096,4,0
p1,1764323765.2961,3.506,-64.19,-75.64,11.12
p1,1764323765.3181,3.487,-63.37,-75.21,11.55
p1,1764323765.4351,3.501,-62.97,-74.79,11.52
p1,1764323765.5671,3.492,-63.73,-74.55,10.44
p1,1764323775.3953,3.496,-63.69,-75.79,11.83
p1,1764323775.4173,3.502,-64.08,-75.6,11.2
p1,1764323775.5346,3.486,-63.42,-75.36,11.66
p1,1764323775.6666,3.497,-63.77,-75.33,11.25
p1,1764323785.4948,3.496,-64.03,-75.18,10.81
p1,1764323785.5168,3.493,-63.85,-75.21,11.03
p1,1764323785.6341,3.49,-64.37,-75.51,10.8
p1,1764323785.7658,3.51,-63.57,-75.38,11.52
p1,1764323795.5943,3.489,-63.22,-76.56,13.14
p1,1764323795.6163,3.502,-63.56,-76.31,12.51
p1,1764323795.7336,3.497,-63.87,-76.27,12.14
p1,1764323795.8653,3.487,-62.82,-74.92,11.82
C,1764323799.098,5,0
p1,1764323800.2683,6.912,-67.53,-75.89,7.677
p1,1764323805.6938,3.507,-63.71,-77.14,13.23
p1,1764323805.7158,3.5,-63.7,-75.45,11.44
p1,1764323805.8328,3.49,-63.2,-75.88,12.44
p1,1764323805.9648,3.495,-63.29,-75.92,12.39
p1,1764323815.7933,3.495,-63.32,-75.12,11.51
p1,1764323815.8151,3.493,-63.57,-74.89,10.99
p1,1764323815.9323,3.504,-63.82,-75.73,11.62
p1,1764323816.0641,3.494,-64.37,-75.05,10.29
G,1764323818,13.069091667,-16.747461667,16.6
C,1764323819.098,4,0
p1,1764323825.8926,3.492,-63.77,-74.84,10.72
p1,1764323825.9146,3.493,-63.58,-74.98,11.08
p1,1764323826.0318,3.497,-63.23,-74.69,11.14
p1,1764323826.1636,3.501,-63.83,-74.48,10.27
p1,1764323835.9920,3.491,-64.39,-75.17,10.4
p1,1764323836.0141,3.49,-63.25,-75,11.45
p1,1764323836.1313,3.508,-63.16,-74.6,11.12
p1,1764323836.2631,3.512,-64.2,-75.66,11.14
p1,1764323846.0913,3.492,-64.2,-74.75,10.14
p1,1764323846.1136,3.488,-64.28,-74.29,9.547
p1,1764323846.2306,3.491,-64.12,-75.21,10.74
p1,1764323846.3626,3.493,-63.83,-75.16,11
p1,1764323856.1908,3.497,-63.73,-75.91,11.91
p1,1764323856.2128,3.503,-63.17,-76.29,12.9
p1,1764323856.3300,3.502,-63.81,-75.65,11.55
p1,1764323856.4621,3.496,-63.93,-74.95,10.66
C,1764323859.098,5,0
p1,1764323866.2903,3.508,-63.73,-73.61,9.41
p1,1764323866.3123,3.503,-64,-74.36,9.94
p1,1764323866.4295,3.506,-63.88,-73.91,9.568
p1,1764323866.5613,3.503,-63.94,-73.39,8.929
p1,1764323866.9785,-6.304,-66.76,-74.88,7.396
p1,1764323876.3898,3.497,-63.11,-75.31,11.92
p1,1764323876.4118,3.482,-63.38,-75.49,11.84
p1,1764323876.5288,3.503,-63.97,-74.89,10.55
p1,1764323876.6608,3.511,-65.11,-74.7,9.084
G,1764323878,13.069093333,-16.74746,16.5
C,1764323879.098,4,0
p1,1764323886.4893,3.506,-63.35,-74.68,10.99
p1,1764323886.5113,3.502,-63.39,-74.27,10.51
p1,1764323886.6283,3.493,-63.98,-75.46,11.16
p1,1764323886.7603,3.491,-63.44,-75.19,11.44
p1,1764323892.5723,7.124,-63.44,-74.81,11.04
p1,1764323892.5743,1.91,-63.14,-74.29,10.81
p1,1764323892.5983,3.148,-66.37,-73.67,6.41
p1,1764323893.8535,-4.313,-65.19,-75.8,10.21
p1,1764323895.9788,3.519,-64.56,-71.73,6.245
p1,1764323896.0338,-5.55,-65.48,-73.28,7.012
p1,1764323896.0340,-1.864,-65.28,-72.65,6.48
p1,1764323896.0868,6.652,-66.3,-74.74,7.77
p1,1764323896.0880,3.516,-66.16,-74.13,7.217
p1,1764323896.5888,3.487,-63.98,-74.87,10.51
p1,1764323896.6105,3.485,-63.35,-74.53,10.84
p1,1764323896.7278,3.496,-63.99,-73.11,8.553
p1,1764323896.8598,3.493,-63.55,-73.61,9.616
p1,1764323906.6880,3.5,-63.28,-76.49,13
p1,1764323906.7100,3.485,-63.26,-76.45,12.98
p1,1764323906.8273,3.502,-63.94,-75.73,11.5
p1,1764323906.9590,3.488,-63.37,-74.93,11.25
p1,1764323916.7875,3.492,-63.44,-76.72,13.07
p1,1764323916.8095,3.507,-64.08,-76.69,12.37
p1,1764323916.9265,3.506,-64.16,-76.17,11.73
p1,1764323917.0585,3.497,-63.62,-77.17,13.35
p1,1764323926.8870,3.481,-63.8,-76.01,11.93
p1,1764323926.9090,3.491,-63.53,-75.32,11.49
p1,1764323927.0260,3.486,-63.91,-75.83,11.63
p1,1764323927.1580,3.492,-63.82,-75.46,11.33
p1,1764323936.9863,3.496,-64.01,-76.46,12.19
p1,1764323937.0083,3.495,-63.19,-76.17,12.76
p1,1764323937.1255,3.501,-63.82,-75.47,11.34
p1,1764323937.2573,3.491,-63.36,-76.31,12.73
G,1764323938,13.069095,-16.74746,16.4
p1,1764323947.0858,3.48,-63.62,-76.36,12.51
p1,1764323947.1078,3.499,-63.95,-76.17,11.96
p1,1764323947.2250,3.513,-63.94,-75.9,11.67
p1,1764323947.3568,3.48,-63.56,-76.32,12.53
p1,1764323957.1852,3.498,-63.94,-75.02,10.73
p1,1764323957.2072,3.496,-63.99,-75.16,10.82
p1,1764323957.3243,3.479,-63.95,-75.42,11.15
p1,1764323957.4560,3.481,-63.37,-75.91,12.29
C,1764323959.102,5,0
p1,1764323967.2845,3.494,-64.22,-75.17,10.58
p1,1764323967.3065,3.475,-63.81,-75.05,10.9
p1,1764323967.4238,3.503,-63.85,-75.47,11.31
p1,1764323967.5555,3.476,-64.12,-75.58,11.14
p1,1764323977.3840,3.496,-63.83,-76.09,11.99
p1,1764323977.4060,3.506,-63.94,-75.63,11.39
p1,1764323977.5232,3.494,-63.61,-76.32,12.47
p1,1764323977.6550,3.486,-63.93,-75.86,11.65
C,1764323979.102,4,0
p1,1764323987.4835,3.496,-63.97,-76.03,11.78
p1,1764323987.5055,3.499,-63.78,-76.67,12.66
p1,1764323987.6227,3.488,-64.05,-76.18,11.86
p1,1764323987.7545,3.487,-63.98,-76.04,11.77
p1,1764323997.5830,3.486,-63.28,-76.54,13.05
p1,1764323997.6047,3.484,-64.39,-76.29,11.61
p1,1764323997.7220,3.487,-63.53,-76.42,12.66
p1,1764323997.8540,3.493,-63.9,-76.23,12.07
G,1764323998,13.069095,-16.747461667,16.3
p1,1764324007.6825,3.479,-64.3,-75.85,11.24
p1,1764324007.7042,3.474,-64,-75.93,11.63
p1,1764324007.8215,3.501,-63.64,-75.74,11.82
p1,1764324007.9532,3.5,-64.33,-76.49,11.89
p1,1764324017.7817,3.474,-63.96,-74.87,10.54
p1,1764324017.8037,3.494,-63.11,-74.35,10.9
p1,1764324017.9210,3.491,-63.78,-74.55,10.4
p1,1764324018.0527,3.488,-63.76,-75.69,11.65
C,1764324019.101,5,0
p1,1764324027.8812,3.497,-63.85,-76.58,12.5
p1,1764324027.9032,3.5,-63.7,-76.15,12.2
p1,1764324028.0202,3.489,-63.49,-75.55,11.79
p1,1764324028.1522,3.498,-63.27,-76.47,12.99
p1,1764324037.9807,3.492,-63.41,-76.96,13.36
p1,1764324038.0025,3.513,-63.97,-76.47,12.25
p1,1764324038.1197,3.486,-63.84,-76.49,12.41
p1,1764324038.2517,3.497,-63.93,-75.73,11.5
C,1764324039.102,4,0
p1,1764324048.0800,3.514,-64.24,-75.88,11.33
p1,1764324048.1019,3.496,-64.02,-75.87,11.55
p1,1764324048.2192,3.487,-63.88,-75.91,11.75
p1,1764324048.3510,3.489,-64.1,-75.82,11.42
p1,1764324058.1794,3.487,-64.04,-76.02,11.69
p1,1764324058.2014,3.491,-63.23,-75.31,11.8
p1,1764324058.3187,3.497,-64.23,-75.99,11.47
p1,1764324058.4504,3.494,-63.62,-75.68,11.77
G,1764324058,13.069095,-16.747461667,16.2
p1,1764324068.2789,3.472,-64.49,-75.59,10.74
p1,1764324068.3009,3.495,-63.56,-75.16,11.29
p1,1764324068.4179,3.494,-63.81,-75.29,11.16
p1,1764324068.5499,3.485,-65.19,-75.09,9.425
p1,1764324078.3782,3.485,-64.06,-76.44,12.12
p1,1764324078.4002,3.486,-64.59,-75.97,11.06
p1,1764324078.5174,3.486,-64.35,-76.28,11.64
p1,1764324078.6492,3.498,-63.64,-76.46,12.59
p1,1764324088.4777,3.489,-63.59,-76.2,12.36
p1,1764324088.4997,3.488,-63.73,-76.25,12.27
p1,1764324088.6169,3.5,-63.82,-76.82,12.77
p1,1764324088.7487,3.483,-63.69,-76.17,12.23
p1,1764324098.5772,3.487,-63.85,-75.02,10.82
p1,1764324098.5992,3.492,-63.65,-75.84,11.92
p1,1764324098.7162,3.492,-64.08,-75.84,11.46
p1,1764324098.8482,3.49,-63.28,-75.35,11.79
p1,1764324108.6767,3.486,-63.86,-75.54,11.37
p1,1764324108.6987,3.494,-63.94,-75.74,11.51
p1,1764324108.8157,3.479,-64.09,-76.17,11.81
p1,1764324108.9477,3.501,-63.72,-76.55,12.59
p1,1764324118.7759,3.49,-63.88,-75.3,11.09
p1,1764324118.7979,3.479,-63.83,-75.59,11.45
p1,1764324118.9152,3.49,-63.26,-75.02,11.47
G,1764324118,13.069093333,-16.74744,15.2
p1,1764324119.0469,3.479,-63.26,-76.52,13.05
C,1764324119.102,5,0
p1,1764324128.8754,3.478,-64.02,-75.9,11.59
p1,1764324128.8974,3.488,-63.2,-75.42,11.95
p1,1764324129.0147,3.494,-63.8,-75.5,11.39
p1,1764324129.1464,3.488,-63.5,-75.06,11.24
p1,1764324138.9749,3.484,-64.18,-76.39,11.94
p1,1764324138.9969,3.483,-64.18,-75.43,10.91
C,1764324139.106,4,0
p1,1764324139.1141,3.479,-63.8,-75.5,11.4
p1,1764324139.2459,3.497,-63.78,-75.6,11.52
p1,1764324149.0744,3.488,-63.84,-75.66,11.52
p1,1764324149.0961,3.49,-63.39,-76.16,12.53
p1,1764324149.2134,3.489,-64.55,-77.1,12.31
p1,1764324149.3454,3.486,-63.79,-76.57,12.55
p1,1764324159.1736,3.491,-63.79,-75.79,11.71
p1,1764324159.1956,3.497,-63.65,-75.3,11.34
p1,1764324159.3129,3.489,-63.25,-76.09,12.61
p1,1764324159.4447,3.493,-63.71,-75.58,11.58
p1,1764324169.2731,3.495,-63.37,-76.11,12.5
p1,1764324169.2951,3.493,-63.91,-76.77,12.63
p1,1764324169.4124,3.482,-63.75,-77.4,13.46
p1,1764324169.5441,3.477,-63.91,-76.12,11.94
G,1764324178,13.069088333,-16.74743,14.1
C,1764324179.105,5,0
p1,1764324179.3726,3.478,-63.48,-75.84,12.1
p1,1764324179.3946,3.491,-64,-76.12,11.85
p1,1764324179.5119,3.49,-65.05,-75.35,9.867
p1,1764324179.6436,3.492,-64.45,-76.15,11.4
p1,1764324189.4719,3.481,-63.31,-75.17,11.57
p1,1764324189.4941,3.484,-64.44,-75.51,10.72
p1,1764324189.6111,3.493,-63.53,-76.35,12.58
p1,1764324189.7429,3.478,-64.55,-76.61,11.78
C,1764324199.096,4,0
p1,1764324199.5714,3.483,-64,-75.99,11.7
p1,1764324199.5934,3.486,-63.8,-75.86,11.78
p1,1764324199.7106,3.486,-63.12,-75.93,12.57
p1,1764324199.8424,3.49,-63.74,-75.56,11.53
p1,1764324209.6709,3.486,-64.06,-75.57,11.19
p1,1764324209.6929,3.486,-64.16,-74.88,10.34
p1,1764324209.8101,3.49,-64.06,-75.12,10.7
p1,1764324209.9419,3.488,-64.2,-75.83,11.32
p1,1764324219.7704,3.481,-63.49,-76.21,12.48
p1,1764324219.7924,3.487,-63.3,-75.67,12.11
p1,1764324219.9094,3.479,-63.18,-76.55,13.17
p1,1764324220.0414,3.476,-63.94,-75.58,11.34
p1,1764324229.8696,3.477,-64.46,-75.52,10.71
p1,1764324229.8916,3.486,-64.71,-76.09,11.05
p1,1764324230.0089,3.481,-63.97,-76.49,12.28
p1,1764324230.1406,3.486,-63.85,-75.85,11.71
G,1764324238,13.069088333,-16.747433333,13.8
p1,1764324239.9691,3.486,-64.28,-75.8,11.21
p1,1764324239.9911,3.49,-64.42,-76.9,12.23
p1,1764324240.1083,3.48,-64.87,-76.43,11.24
p1,1764324240.2401,3.48,-63.27,-74.76,11.17
p1,1764324250.0686,3.487,-63.85,-75.42,11.26
p1,1764324250.0906,3.496,-63.45,-76.16,12.48
p1,1764324250.2079,3.487,-63.49,-75.9,12.15
p1,1764324250.3396,3.481,-63.46,-76.25,12.56
p1,1764324260.1681,3.484,-62.93,-76.83,13.72
p1,1764324260.1901,3.484,-64.01,-77.02,12.79
p1,1764324260.3071,3.486,-64.1,-75.97,11.58
p1,1764324260.4391,3.485,-63.91,-76.34,12.18
C,1764324262.758,4,0
p1,1764324270.2673,3.492,-64.52,-75.37,10.47
p1,1764324270.2893,3.492,-63.29,-76.3,12.79
p1,1764324270.4066,3.49,-63.41,-75.51,11.83
p1,1764324270.5383,3.493,-63.9,-75.73,11.53
p1,1764324280.3668,3.484,-64.24,-76.98,12.5
p1,1764324280.3888,3.494,-64.58,-76.81,11.96
p1,1764324280.5061,3.493,-63.61,-76.96,13.14
p1,1764324280.6378,3.479,-63.83,-76.11,12.01
p1,1764324290.4663,3.491,-63.93,-77.17,13.03
p1,1764324290.4883,3.486,-63.56,-75.88,12.06
p1,1764324290.6053,3.484,-63.85,-76.44,12.34
p1,1764324290.7373,3.495,-63.91,-76.06,11.88
G,1764324298,13.069088333,-16.747436667,13.7
p1,1764324300.5656,3.471,-64.45,-76.87,12.17
p1,1764324300.5876,3.483,-64.05,-76.52,12.22
p1,1764324300.7048,3.469,-64.35,-76.72,12.11
p1,1764324300.8368,3.495,-63.86,-76,11.87
p1,1764324310.6651,3.481,-63.68,-76.12,12.18
p1,1764324310.6871,3.478,-64.82,-76.16,11.02
p1,1764324310.8043,3.488,-64.27,-76.86,12.33
p1,1764324310.9361,3.483,-63.68,-76.32,12.4
p1,1764324320.7646,3.481,-63.92,-75.39,11.16
p1,1764324320.7866,3.486,-63.95,-75.77,11.52
p1,1764324320.9038,3.49,-64.28,-76.24,11.68
p1,1764324321.0356,3.479,-64.01,-77.2,12.98
p1,1764324330.8641,3.495,-64.06,-75.91,11.55
p1,1764324330.8861,3.492,-63.89,-75.95,11.79
p1,1764324331.0030,3.487,-64.34,-75.34,10.64
p1,1764324331.1351,3.489,-63.98,-75.59,11.3
C,1764324339.107,5,0
p1,1764324340.9633,3.482,-63.89,-76.33,12.2
p1,1764324340.9853,3.492,-63.82,-76.46,12.4
p1,1764324341.1025,3.491,-63.77,-76.4,12.38
p1,1764324341.2343,3.471,-63.75,-75.51,11.46
p1,1764324351.0628,3.498,-64.12,-76.72,12.36
p1,1764324351.0848,3.49,-63.89,-76.91,12.8
p1,1764324351.2020,3.48,-63.32,-76.24,12.69
p1,1764324351.3338,3.493,-63.91,-76.1,11.92
G,1764324358,13.069088333,-16.747441667,13.6
C,1764324359.107,4,0
p1,1764324361.1623,3.489,-63.8,-76.47,12.43
p1,1764324361.1843,3.482,-63.93,-76.83,12.67
p1,1764324361.3015,3.485,-64.13,-76.38,11.98
p1,1764324361.4333,3.485,-63.84,-76.3,12.2
p1,1764324371.2618,3.485,-64.68,-76.99,12.05
p1,1764324371.2838,3.493,-64.17,-76.73,12.31
p1,1764324371.4008,3.484,-63.7,-76.12,12.16
p1,1764324371.5328,3.492,-64.04,-75.48,11.12
C,1764324379.108,5,0
p1,1764324381.3613,3.478,-63.89,-76.54,12.41
p1,1764324381.3830,3.489,-64.08,-77.16,12.87
p1,1764324381.5002,3.477,-63.85,-75.91,11.79
p1,1764324381.6320,3.477,-63.57,-75.83,12
p1,1764324391.4605,3.471,-63.51,-76.34,12.6
p1,1764324391.4825,3.487,-64.44,-76.7,11.99
p1,1764324391.5998,3.483,-63.98,-77.13,12.93
p1,1764324391.7315,3.481,-63.87,-75.46,11.27
C,1764324399.113,4,0
p1,1764324401.5600,3.478,-63.72,-75.63,11.61
p1,1764324401.5820,3.493,-64.34,-75.54,10.85
p1,1764324401.6990,3.475,-63.65,-75.44,11.49
p1,1764324401.8310,3.489,-63.48,-76.18,12.46
p1,1764324411.6595,3.485,-63.84,-75.55,11.4
p1,1764324411.6815,3.477,-64.1,-75.37,10.93
p1,1764324411.7985,3.482,-64.09,-75.87,11.48
p1,1764324411.9305,3.475,-64.02,-75.94,11.64
G,1764324418,13.069086667,-16.747443333,13.6
p1,1764324421.7587,3.485,-63.95,-76.4,12.2
p1,1764324421.7808,3.476,-63.61,-76.69,12.86
p1,1764324421.8980,3.484,-63.82,-74.8,10.62
p1,1764324422.0297,3.48,-63.9,-75.7,11.51
p1,1764324431.8583,3.478,-63.82,-76.61,12.56
p1,1764324431.8803,3.486,-63.8,-76.79,12.77
p1,1764324431.9975,3.499,-63.62,-76.42,12.57
p1,1764324432.1292,3.488,-64.19,-75.76,11.26
C,1764324439.112,5,0
p1,1764324441.9578,3.481,-63.81,-76.51,12.46
p1,1764324441.9797,3.482,-64.63,-76.44,11.52
p1,1764324442.0967,3.485,-64.03,-75.59,11.24
p1,1764324442.2287,3.481,-64.24,-75.92,11.38
p1,1764324452.0572,3.482,-63.95,-76.91,12.73
p1,1764324452.0790,3.481,-64.4,-76.94,12.3
p1,1764324452.1962,3.487,-63.67,-75.83,11.89
p1,1764324452.3282,3.485,-64.29,-75.36,10.72
C,1764324459.11,4,0
p1,1764324462.1565,3.48,-64.09,-75.83,11.43
p1,1764324462.1785,3.483,-64.64,-75.89,10.91
p1,1764324462.2957,3.514,-64.16,-76.87,12.47
p1,1764324462.4275,3.479,-64.18,-75.74,11.24
p1,1764324472.2560,3.485,-63.9,-76.26,12.11
p1,1764324472.2780,3.481,-63.69,-76.94,13.04
p1,1764324472.3952,3.491,-63.29,-76.32,12.8
p1,1764324472.5270,3.476,-63.34,-76.63,13.09
G,1764324478,13.069085,-16.747445,13.4
p1,1764324482.3555,3.485,-63.88,-74.64,10.37
p1,1764324482.3775,3.471,-63.45,-75.1,11.34
p1,1764324482.4947,3.484,-63.98,-75.34,11.03
p1,1764324482.6265,3.47,-63.4,-75.43,11.75
p1,1764324492.4550,3.482,-63.85,-76.23,12.12
p1,1764324492.4767,3.482,-64.02,-76.31,12.03
p1,1764324492.5940,3.489,-63.79,-76.87,12.86
p1,1764324492.7257,3.474,-64,-76.66,12.42
C,1764324499.11,5,0
p1,1764324502.5542,3.474,-63.6,-75.62,11.74
p1,1764324502.5762,3.48,-63.53,-75.69,11.89
p1,1764324502.6935,3.481,-64.35,-75.8,11.12
p1,1764324502.8252,3.48,-64.22,-76.11,11.59
p1,1764324512.6537,3.489,-63.93,-76.09,11.89
p1,1764324512.6757,3.491,-63.23,-76.43,12.98
p1,1764324512.7927,3.494,-64.11,-76.56,12.2
p1,1764324512.9247,3.488,-64.07,-75.78,11.4
C,1764324519.11,4,0
p1,1764324522.7532,3.47,-63.79,-75.86,11.79
p1,1764324522.7752,3.492,-63.85,-75.82,11.68
p1,1764324522.8922,3.482,-64,-76.76,12.53
p1,1764324523.0242,3.48,-63.61,-75.48,11.58
p1,1764324532.8527,3.472,-64.33,-76.09,11.46
p1,1764324532.8745,3.481,-63.66,-76.28,12.38
p1,1764324532.9917,3.47,-64.03,-76.89,12.63
p1,1764324533.1235,3.476,-64.14,-76.66,12.27
G,1764324538,13.069083333,-16.747448333,13.2
p1,1764324542.9519,3.479,-63.83,-76.59,12.52
p1,1764324542.9740,3.48,-64.22,-76.98,12.52
p1,1764324543.0912,3.478,-63.89,-76.29,12.15
p1,1764324543.2230,3.477,-64.38,-76.54,11.89
p1,1764324553.0514,3.481,-63.89,-75.73,11.55
p1,1764324553.0734,3.484,-64.08,-75.99,11.62
p1,1764324553.1904,3.482,-64.57,-77.65,12.86
p1,1764324553.3224,3.488,-64.16,-76.31,11.88
p1,1764324563.1509,3.491,-64.07,-77.18,12.89
p1,1764324563.1729,3.491,-64.35,-76.52,11.9
p1,1764324563.2899,3.484,-64.51,-76.07,11.24
p1,1764324563.4219,3.488,-63.63,-76.53,12.67
p1,1764324573.2502,3.476,-63.76,-76.24,12.23
p1,1764324573.2722,3.487,-64.11,-76.92,12.57
p1,1764324573.3894,3.486,-63.79,-76.39,12.35
p1,1764324573.5212,3.489,-63.61,-75.93,12.05
p1,1764324583.3497,3.479,-63.21,-76.3,12.88
p1,1764324583.3717,3.484,-63.93,-75.66,11.43
p1,1764324583.4889,3.492,-63.71,-76.47,12.52
p1,1764324583.6207,3.48,-63.64,-76.97,13.12
p1,1764324593.4492,3.463,-63.76,-75.99,11.95
p1,1764324593.4712,3.498,-63.86,-76.62,12.52
p1,1764324593.5882,3.476,-63.48,-75.94,12.21
p1,1764324593.7202,3.484,-63.94,-75.82,11.59
G,1764324598,13.069081667,-16.74745,12.7
C,1764324599.111,5,0
p1,1764324603.5487,3.484,-64.14,-77.33,12.98
p1,1764324603.5704,3.475,-64.04,-76.72,12.44
p1,1764324603.6877,3.49,-63.62,-76.74,12.91
p1,1764324603.8194,3.477,-64.21,-75.72,11.19
p1,1764324613.6479,3.486,-64.46,-76.63,11.9
p1,1764324613.6699,3.489,-64.04,-76.64,12.35
p1,1764324613.7872,3.478,-63.63,-76.7,12.85
p1,1764324613.9189,3.469,-63.59,-76.74,12.93
C,1764324619.111,4,0
p1,1764324623.7474,3.476,-63.84,-76.68,12.61
p1,1764324623.7694,3.48,-64.37,-76.72,12.09
p1,1764324623.8867,3.476,-63.42,-76.25,12.6
p1,1764324624.0184,3.478,-63.57,-76.52,12.72
p1,1764324633.8469,3.465,-64.13,-76.73,12.35
p1,1764324633.8689,3.476,-64.07,-76.34,12
p1,1764324633.9859,3.489,-64.02,-75.59,11.25
p1,1764324634.1179,3.478,-64.53,-75.98,11.13
p1,1764324643.9461,3.466,-63.99,-75.39,11.07
p1,1764324643.9681,3.477,-63.48,-75.57,11.82
p1,1764324644.0854,3.456,-64.31,-76.06,11.44
p1,1764324644.2171,3.473,-64.02,-76.38,12.09
p1,1764324654.0456,3.475,-64.2,-76.15,11.66
p1,1764324654.0676,3.478,-63.78,-76.27,12.25
p1,1764324654.1849,3.476,-64.18,-76.65,12.21
p1,1764324654.3166,3.478,-64.73,-76.25,11.21
G,1764324658,13.069078333,-16.747451667,12
C,1764324659.11,5,0
p1,1764324664.1451,3.478,-63.99,-75.57,11.27
p1,1764324664.1671,3.474,-64.01,-75.18,10.82
p1,1764324664.2844,3.477,-64.09,-75.63,11.23
p1,1764324664.4161,3.476,-64.12,-75.81,11.39
p1,1764324674.2446,3.484,-64.16,-76.61,12.2
p1,1764324674.2666,3.473,-63.44,-75.88,12.18
p1,1764324674.3836,3.478,-64.13,-75.18,10.69
p1,1764324674.5156,3.49,-64.39,-76.1,11.41
C,1764324679.111,4,0
p1,1764324684.3441,3.461,-64.59,-76.1,11.19
p1,1764324684.3659,3.474,-64.26,-75.93,11.36
p1,1764324684.4831,3.479,-63.78,-75.49,11.4
p1,1764324684.6149,3.464,-63.83,-74.94,10.77
p1,1764324694.4434,3.476,-64.51,-76.32,11.52
p1,1764324694.4653,3.467,-63.72,-76,12.02
p1,1764324694.5826,3.481,-64.42,-77.01,12.34
p1,1764324694.7144,3.477,-64.44,-76.69,11.99
C,1764324699.111,5,0
p1,1764324704.5428,3.478,-63.63,-75.93,12.04
p1,1764324704.5649,3.478,-63.79,-77.09,13.09
p1,1764324704.6821,3.478,-64.6,-76.09,11.17
p1,1764324704.8138,3.487,-64.36,-76.34,11.69
p1,1764324714.6424,3.483,-64.78,-76.3,11.2
p1,1764324714.6644,3.461,-64.63,-76.47,11.54
p1,1764324714.7814,3.457,-63.71,-75.04,11
p1,1764324714.9133,3.481,-63.49,-75.27,11.48
G,1764324718,13.069078333,-16.747456667,12
C,1764324719.114,4,0
p1,1764324724.7416,3.465,-63.85,-75.35,11.18
p1,1764324724.7636,3.468,-64.14,-75.38,10.9
p1,1764324724.8808,3.471,-64.08,-75.95,11.58
p1,1764324725.0126,3.488,-64.21,-76.32,11.84
p1,1764324734.8411,3.458,-63.79,-76.84,12.83
p1,1764324734.8631,3.466,-63.76,-77.13,13.17
p1,1764324734.9803,3.461,-63.76,-76.85,12.87
p1,1764324735.1121,3.467,-64.51,-76.11,11.29
p1,1764324744.9406,3.468,-63.71,-76.35,12.39
p1,1764324744.9626,3.478,-63.9,-75.99,11.81
p1,1764324745.0798,3.467,-64.15,-76.42,12
p1,1764324745.2116,3.488,-63.6,-76.71,12.89
p1,1764324755.0401,3.446,-64.29,-75.83,11.23
p1,1764324755.0618,3.475,-63.47,-76.04,12.32
p1,1764324755.1791,3.479,-64.33,-76.28,11.66
p1,1764324755.3111,3.466,-63.49,-74.82,11
C,1764324759.113,5,0
p1,1764324765.1393,3.477,-64.6,-75.96,11.02
p1,1764324765.1613,3.475,-64.35,-74.93,10.18
p1,1764324765.2786,3.476,-63.68,-75.61,11.64
p1,1764324765.4103,3.473,-63.89,-74.9,10.66
p1,1764324775.2388,3.457,-63.31,-76.22,12.68
p1,1764324775.2608,3.461,-63.17,-75.07,11.61
p1,1764324775.3781,3.486,-64.06,-75.23,10.82
p1,1764324775.5098,3.457,-63.95,-75.86,11.62
G,1764324778,13.069076667,-16.74746,12.1
C,1764324779.113,4,0
p1,1764324785.3383,3.455,-64.25,-74.31,9.612
p1,1764324785.3603,3.461,-64.61,-73.96,8.812
p1,1764324785.4776,3.478,-65.08,-75.39,9.884
p1,1764324785.6093,3.485,-65.16,-75.61,10.04
p1,1764324795.4378,3.467,-63.21,-75.62,12.15
p1,1764324795.4598,3.483,-63.74,-75.51,11.47
p1,1764324795.5768,3.466,-63.76,-75.84,11.8
p1,1764324795.7086,3.48,-64.45,-75.79,11.02
p1,1764324805.5370,3.491,-64.55,-75.88,11
p1,1764324805.5590,3.482,-63.73,-76.17,12.18
p1,1764324805.6763,3.475,-63.67,-74.86,10.84
p1,1764324805.8081,3.473,-64.67,-75.41,10.36
p1,1764324815.6365,3.472,-64.21,-76.25,11.76
p1,1764324815.6585,3.472,-63.59,-76.85,13.05
p1,1764324815.7758,3.476,-64.01,-75.46,11.13
p1,1764324815.9075,3.459,-64,-75.99,11.71
C,1764324819.115,5,0
p1,1764324825.7361,3.473,-64.04,-74.83,10.41
p1,1764324825.7581,3.48,-63.32,-75.1,11.48
p1,1764324825.8750,3.467,-63.86,-75.24,11.05
p1,1764324826.0071,3.473,-64.01,-76.5,12.24
p1,1764324835.8355,3.462,-63.59,-76.56,12.74
p1,1764324835.8573,3.471,-63.8,-76.19,12.12
p1,1764324835.9746,3.468,-64.16,-76.22,11.79
p1,1764324836.1063,3.478,-63.9,-76.34,12.19
G,1764324838,13.069075,-16.74746,12.1
C,1764324839.116,4,0
p1,1764324845.9348,3.476,-64.15,-76.01,11.57
p1,1764324845.9568,3.469,-63.57,-76.17,12.36
p1,1764324846.0740,3.479,-64.28,-76.41,11.86
p1,1764324846.2058,3.465,-63.87,-76.37,12.25
p1,1764324856.0343,3.451,-64.11,-75.35,10.89
p1,1764324856.0563,3.479,-63.88,-75.37,11.17
p1,1764324856.1735,3.474,-64.52,-74.79,9.837
p1,1764324856.3053,3.467,-63.83,-75.81,11.7
C,1764324859.115,5,0
C,1764324863.183,5,0
p1,1764324866.1338,3.47,-63.9,-75.61,11.4
p1,1764324866.1558,3.475,-63.68,-75.56,11.6
p1,1764324866.2728,3.472,-64.58,-75.73,10.81
p1,1764324866.4048,3.492,-63.63,-75.66,11.75
p1,1764324876.2333,3.476,-64.1,-76.32,11.95
p1,1764324876.2550,3.492,-63.89,-76.05,11.89
p1,1764324876.3723,3.475,-64.03,-76.81,12.55
p1,1764324876.5043,3.473,-64.44,-76.71,12
C,1764324879.118,4,0
p1,1764324886.3325,3.479,-63.33,-75.57,11.98
p1,1764324886.3545,3.471,-64.55,-75.48,10.57
p1,1764324886.4718,3.456,-64.16,-75.49,11
p1,1764324886.6035,3.467,-64.38,-76.36,11.69
p1,1764324896.4320,3.466,-63.43,-75.21,11.48
p1,1764324896.4540,3.475,-63.75,-75.65,11.61
p1,1764324896.5713,3.476,-64.09,-75.22,10.79
p1,1764324896.7030,3.472,-64.05,-75.8,11.45
G,1764324898,13.069071667,-16.747461667,12.2
p1,1764324906.5315,3.476,-64.06,-76.57,12.26
p1,1764324906.5535,3.472,-64.13,-76.18,11.78
p1,1764324906.6705,3.478,-62.97,-75.57,12.35
p1,1764324906.8025,3.464,-64.01,-77.05,12.82
p1,1764324916.6310,3.479,-64.75,-76.49,11.44
p1,1764324916.6528,3.487,-63.85,-76.58,12.49
p1,1764324916.7700,3.47,-63.66,-76.24,12.34
p1,1764324916.9018,3.469,-63.64,-76.27,12.38
C,1764324919.117,5,0
p1,1764324926.7303,3.474,-63.43,-76.1,12.42
p1,1764324926.7522,3.472,-64.81,-75.94,10.78
p1,1764324926.8695,3.443,-63.68,-75.28,11.28
p1,1764324927.0012,3.475,-64.33,-76.23,11.61
p1,1764324936.8297,3.48,-63.85,-76.14,12.02
p1,1764324936.8517,3.474,-65.02,-75.09,9.624
p1,1764324936.9687,3.471,-64.29,-75.53,10.9
p1,1764324937.1008,3.469,-64.34,-75.91,11.26
C,1764324939.117,4,0
p1,1764324946.9292,3.468,-64.46,-76.01,11.24
p1,1764324946.9512,3.474,-64.28,-76.15,11.58
p1,1764324947.0682,3.466,-64.35,-76.09,11.44
p1,1764324947.2000,3.475,-64.08,-76.87,12.56
p1,1764324957.0285,3.474,-64.1,-76.08,11.69
p1,1764324957.0505,3.472,-64.55,-75.79,10.91
p1,1764324957.1677,3.475,-63.79,-76.12,12.06
p1,1764324957.2995,3.471,-63.79,-76.21,12.17
G,1764324958,13.06907,-16.747461667,12.2
p1,1764324967.1280,3.484,-63.81,-75.22,11.08
p1,1764324967.1499,3.476,-64.07,-75.87,11.5
p1,1764324967.2672,3.478,-64.39,-76.18,11.49
p1,1764324967.3990,3.464,-64.46,-75.66,10.85
p1,1764324977.2275,3.464,-63.92,-75.99,11.79
p1,1764324977.2495,3.47,-64.1,-75.7,11.28
p1,1764324977.3665,3.479,-64.22,-75.89,11.36
p1,1764324977.4985,3.475,-64.35,-74.84,10.08
C,1764324979.119,5,0
p1,1764324987.3270,3.46,-63.94,-75.23,10.95
p1,1764324987.3487,3.479,-64.23,-75.09,10.5
p1,1764324987.4660,3.47,-63.71,-75.61,11.6
p1,1764324987.5977,3.473,-63.95,-74.75,10.42
p1,1764324997.4265,3.472,-64.5,-75.64,10.79
p1,1764324997.4482,3.474,-63.59,-75.35,11.46
p1,1764324997.5655,3.473,-64.06,-75.6,11.23
p1,1764324997.6972,3.466,-65.24,-75.31,9.618
C,1764324999.12,4,0
p1,1764325007.5257,3.469,-64.03,-76.71,12.44
p1,1764325007.5477,3.489,-64.6,-76.86,12
p1,1764325007.6650,3.479,-63.93,-77.13,12.99
p1,1764325007.7967,3.477,-64.48,-77.32,12.61
p1,1764325017.6252,3.472,-63.58,-77.04,13.26
p1,1764325017.6470,3.486,-64.07,-76.76,12.46
p1,1764325017.7642,3.485,-63.41,-76.29,12.65
p1,1764325017.8962,3.478,-64.39,-77.08,12.45
G,1764325018,13.06907,-16.747463333,12.2
p1,1764325027.7247,3.48,-64.22,-76.76,12.3
p1,1764325027.7465,3.492,-64.56,-76.13,11.25
p1,1764325027.8637,3.483,-63.97,-76.06,11.81
p1,1764325027.9957,3.475,-63.7,-75.71,11.72
p1,1764325037.8242,3.472,-63.87,-76.17,12.03
p1,1764325037.8459,3.475,-64.03,-76.15,11.85
p1,1764325037.9632,3.478,-63.94,-76.48,12.29
p1,1764325038.0949,3.471,-64.66,-76.31,11.34
p1,1764325047.9234,3.481,-63.59,-76.66,12.85
p1,1764325047.9454,3.49,-64.43,-77.1,12.42
p1,1764325048.0627,3.485,-64.12,-76.51,12.13
p1,1764325048.1944,3.472,-64.35,-76.81,12.2
p1,1764325058.0229,3.477,-64.11,-76.46,12.09
p1,1764325058.0449,3.474,-64.38,-76.89,12.26
p1,1764325058.1619,3.487,-65.02,-76.14,10.77
p1,1764325058.2939,3.476,-64.32,-76,11.38
p1,1764325068.1224,3.467,-63.84,-76.9,12.84
p1,1764325068.1442,3.473,-64.11,-75.68,11.25
p1,1764325068.2614,3.462,-65.03,-75.68,10.26
p1,1764325068.3932,3.478,-64.41,-76.88,12.22
p1,1764325078.2217,3.469,-64.19,-75.26,10.71
p1,1764325078.2437,3.492,-64.1,-75.61,11.19
p1,1764325078.3609,3.488,-64.09,-75.38,10.95
p1,1764325078.4927,3.456,-64.23,-75.04,10.44
G,1764325078,13.069066667,-16.747466667,12.1
C,1764325079.122,5,0
p1,1764325088.3211,3.481,-64.19,-76.72,12.28
p1,1764325088.3432,3.477,-63.53,-76.93,13.19
p1,1764325088.4604,3.467,-64.45,-75.89,11.11
p1,1764325088.5922,3.493,-63.85,-77.16,13.11
p1,1764325098.4207,3.474,-64.6,-76.24,11.33
p1,1764325098.4427,3.488,-63.61,-75.99,12.13
p1,1764325098.5599,3.478,-64.26,-76.35,11.81
p1,1764325098.6917,3.476,-64.39,-76.53,11.86
C,1764325099.124,4,0
p1,1764325108.5199,3.488,-64.58,-76.32,11.43
p1,1764325108.5419,3.475,-64.12,-75.72,11.29
p1,1764325108.6591,3.472,-64.51,-76.78,12.01
p1,1764325108.7909,3.474,-63.58,-76.31,12.49
p1,1764325118.6194,3.459,-64.23,-75.52,10.95
p1,1764325118.6414,3.484,-64.14,-76.18,11.76
p1,1764325118.7586,3.478,-63.95,-76.56,12.36
p1,1764325118.8904,3.476,-64.4,-76.9,12.25
p1,1764325128.7189,3.463,-63.95,-77.03,12.86
p1,1764325128.7409,3.477,-63.76,-76.62,12.63
p1,1764325128.8581,3.48,-63.36,-76.76,13.19
p1,1764325128.9899,3.487,-64.09,-76.66,12.32
p1,1764325138.8184,3.475,-64.25,-76.27,11.74
p1,1764325138.8404,3.492,-64.08,-76.02,11.65
p1,1764325138.9574,3.484,-64.02,-76.61,12.34
G,1764325138,13.069066667,-16.74747,12.1
C,1764325139.123,5,0
p1,1764325139.0894,3.488,-63.58,-77.29,13.52
p1,1764325148.9179,3.466,-64.32,-76.93,12.36
p1,1764325148.9396,3.476,-63.83,-76.74,12.69
p1,1764325149.0569,3.483,-63.71,-76.86,12.93
p1,1764325149.1886,3.467,-64.25,-76.42,11.89
p1,1764325159.0171,3.469,-64.03,-76.79,12.52
p1,1764325159.0391,3.481,-64.33,-77.49,12.95
C,1764325159.124,4,0
p1,1764325159.1564,3.484,-64.17,-77.34,12.95
p1,1764325159.2881,3.468,-63.69,-76.31,12.38
p1,1764325169.1166,3.462,-63.76,-77.2,13.24
p1,1764325169.1386,3.468,-64.07,-76.65,12.34
p1,1764325169.2559,3.48,-64.49,-76.82,12.07
p1,1764325169.3876,3.468,-63.75,-76.23,12.24
C,1764325179.123,5,0
p1,1764325179.2161,3.466,-63.65,-76.53,12.65
p1,1764325179.2381,3.475,-64.06,-76.58,12.27
p1,1764325179.3551,3.473,-64.38,-77.14,12.52
p1,1764325179.4871,3.478,-63.88,-76.32,12.18
p1,1764325189.3154,3.465,-64.15,-76.75,12.35
p1,1764325189.3374,3.472,-63.84,-76.22,12.13
p1,1764325189.4546,3.481,-64.03,-75.9,11.58
p1,1764325189.5864,3.466,-64.11,-77,12.67
G,1764325198,13.069063333,-16.74747,12.1
C,1764325199.126,4,0
p1,1764325199.4148,3.475,-63.91,-76.86,12.72
p1,1764325199.4368,3.471,-64.35,-76.69,12.08
p1,1764325199.5541,3.476,-63.75,-76.37,12.37
p1,1764325199.6859,3.477,-63.86,-76.97,12.89
p1,1764325209.5144,3.475,-63.83,-76.77,12.71
p1,1764325209.5364,3.487,-64.43,-76.57,11.87
p1,1764325209.6534,3.473,-63.93,-76.57,12.4
p1,1764325209.7854,3.478,-63.83,-77.35,13.32
p1,1764325219.6139,3.481,-63.73,-76.1,12.11
p1,1764325219.6356,3.476,-64.33,-76.2,11.58
p1,1764325219.7528,3.484,-64.24,-76.46,11.96
p1,1764325219.8848,3.481,-64.53,-76.87,12.08
p1,1764325229.7131,3.455,-64.46,-76.77,12.04
p1,1764325229.7351,3.476,-64.16,-76.38,11.94
p1,1764325229.8523,3.471,-63.72,-76.92,12.99
p1,1764325229.9841,3.474,-64.52,-76.82,12.03
C,1764325239.127,5,0
p1,1764325239.8126,3.478,-63.97,-76.99,12.8
p1,1764325239.8346,3.473,-63.63,-76.61,12.76
p1,1764325239.9518,3.467,-64.17,-77.14,12.75
p1,1764325240.0836,3.472,-64.23,-76.94,12.47
p1,1764325249.9121,3.468,-64.59,-76.6,11.73
p1,1764325249.9341,3.482,-64.44,-76.73,12.03
p1,1764325250.0511,3.482,-64.33,-76.39,11.78
p1,1764325250.1831,3.482,-64.32,-76.29,11.68
G,1764325258,13.069061667,-16.747471667,12.1
C,1764325259.128,4,0
p1,1764325260.0116,3.473,-64.03,-76.36,12.07
p1,1764325260.0333,3.478,-64.59,-76.85,11.99
p1,1764325260.1506,3.468,-64.36,-77.67,13.1
p1,1764325260.2823,3.476,-64.62,-76.93,12.04
p1,1764325270.1108,3.477,-64.07,-76.88,12.58
p1,1764325270.1328,3.474,-64.06,-76.84,12.55
p1,1764325270.2501,3.478,-63.77,-76.98,13
p1,1764325270.3818,3.473,-63.49,-77.53,13.86
p1,1764325280.2103,3.476,-63.45,-77.16,13.52
p1,1764325280.2323,3.477,-64,-77.19,12.97
p1,1764325280.3493,3.481,-63.97,-76.8,12.6
p1,1764325280.4813,3.472,-64.89,-77.63,12.5
p1,1764325290.3098,3.47,-64.04,-76.06,11.74
p1,1764325290.3318,3.475,-63.95,-76.44,12.24
p1,1764325290.4488,3.469,-64.39,-77.39,12.78
p1,1764325290.5808,3.474,-64.14,-76.84,12.46
C,1764325299.127,5,0
p1,1764325300.4091,3.47,-65,-77.21,11.95
p1,1764325300.4311,3.472,-63.51,-77.41,13.71
p1,1764325300.5483,3.469,-64.7,-76.93,11.96
p1,1764325300.6803,3.471,-64.38,-76.85,12.22
p1,1764325310.5086,3.473,-64.2,-76.71,12.26
p1,1764325310.5306,3.469,-64.53,-76.8,12.01
p1,1764325310.6478,3.48,-64.38,-76.86,12.23
p1,1764325310.7796,3.462,-63.98,-76.97,12.77
G,1764325318,13.06906,-16.747475,12.1
C,1764325319.126,4,0
p1,1764325320.6080,3.47,-64.32,-77.11,12.56
p1,1764325320.6300,3.475,-63.64,-77.63,13.81
p1,1764325320.7473,3.474,-64.04,-77.3,13.04
p1,1764325320.8790,3.475,-64.36,-77.39,12.81
p1,1764325330.7075,3.466,-64.14,-76.26,11.85
p1,1764325330.7295,3.48,-62.7,-76,13.09
p1,1764325330.8465,3.463,-63.81,-75.91,11.82
p1,1764325330.9785,3.461,-63.76,-76.21,12.2
C,1764325339.132,5,0
p1,1764325340.8068,3.47,-64.51,-76.83,12.06
p1,1764325340.8288,3.487,-64.14,-77.1,12.73
p1,1764325340.9460,3.479,-64.45,-76.59,11.86
p1,1764325341.0778,3.471,-64.7,-76.97,12.01
p1,1764325350.9063,3.48,-64.8,-75.88,10.73
p1,1764325350.9283,3.473,-64.13,-76.48,12.09
p1,1764325351.0455,3.487,-64.31,-76.75,12.18
p1,1764325351.1773,3.472,-63.98,-77.32,13.13
C,1764325359.129,4,0
p1,1764325361.0058,3.482,-63.7,-76.81,12.89
p1,1764325361.0278,3.477,-63.89,-76.59,12.45
p1,1764325361.1448,3.479,-64.37,-76.57,11.93
p1,1764325361.2768,3.469,-63.9,-76.55,12.41
p1,1764325371.1053,3.479,-63.66,-76.92,13.04
p1,1764325371.1273,3.487,-63.95,-76.07,11.85
p1,1764325371.2443,3.476,-64.05,-76.97,12.69
p1,1764325371.3763,3.468,-64.69,-77.04,12.08
G,1764325378,13.069058333,-16.747475,12.1
p1,1764325381.2045,3.481,-63.83,-77.11,13.07
p1,1764325381.2265,3.487,-63.64,-76.55,12.68
p1,1764325381.3438,3.483,-64.22,-77.29,12.85
p1,1764325381.4755,3.476,-64.32,-77.16,12.61
p1,1764325391.3040,3.485,-64.11,-77.48,13.16
p1,1764325391.3260,3.483,-64.25,-76.98,12.49
p1,1764325391.4433,3.48,-64.52,-77.73,13
p1,1764325391.5750,3.479,-64.08,-76.84,12.52
C,1764325399.13,5,0
p1,1764325401.4035,3.475,-64.13,-76.64,12.26
p1,1764325401.4255,3.479,-63.66,-76.61,12.73
p1,1764325401.5427,3.482,-64.21,-76.28,11.8
p1,1764325401.6745,3.484,-64.13,-76.78,12.41
p1,1764325411.5027,3.477,-63.9,-76.24,12.08
p1,1764325411.5247,3.481,-64.22,-76.85,12.38
p1,1764325411.6420,3.478,-64.27,-76.63,12.11
p1,1764325411.7737,3.483,-64.22,-76.86,12.4
C,1764325419.131,4,0
p1,1764325421.6022,3.477,-64.1,-76.56,12.21
p1,1764325421.6242,3.492,-63.79,-76.62,12.6
p1,1764325421.7415,3.482,-64.38,-76.95,12.32
p1,1764325421.8732,3.467,-64.01,-77.05,12.82
p1,1764325431.7017,3.467,-63.97,-76.28,12.05
p1,1764325431.7238,3.477,-64.13,-76.5,12.11
p1,1764325431.8410,3.476,-64.05,-76.91,12.62
p1,1764325431.9727,3.482,-63.92,-77.11,12.98
G,1764325438,13.069058333,-16.747475,12.1
p1,1764325441.8012,3.48,-64.63,-76.64,11.72
p1,1764325441.8232,3.488,-64.42,-76.7,12.02
p1,1764325441.9402,3.477,-63.78,-77.04,13.06
p1,1764325442.0723,3.481,-63.94,-76.53,12.35
p1,1764325451.9005,3.473,-64.3,-76.9,12.35
p1,1764325451.9225,3.477,-64.73,-76.56,11.54
p1,1764325452.0397,3.484,-63.9,-77.12,13.01
p1,1764325452.1715,3.487,-64.7,-77.2,12.25
C,1764325459.132,5,0
p1,1764325462.0000,3.477,-64.39,-77.02,12.38
p1,1764325462.0220,3.499,-64.51,-77.08,12.32
p1,1764325462.1392,3.479,-64.23,-77.47,13.03
p1,1764325462.2710,3.471,-64.6,-77.05,12.2
C,1764325463.61,5,0
p1,1764325472.0995,3.492,-63.4,-76.98,13.38
p1,1764325472.1215,3.486,-63.96,-77.07,12.89
p1,1764325472.2387,3.487,-63.69,-76.96,13.06
p1,1764325472.3705,3.477,-64.03,-77.07,12.82
C,1764325479.132,4,0
p1,1764325482.1990,3.479,-63.42,-76.23,12.58
p1,1764325482.2207,3.481,-64,-76.64,12.4
p1,1764325482.3380,3.49,-64.04,-76.34,12.04
p1,1764325482.4700,3.485,-64.07,-76.51,12.18
p1,1764325492.2982,3.476,-64.1,-77.08,12.75
p1,1764325492.3202,3.49,-64.75,-78.09,13.13
p1,1764325492.4374,3.478,-63.42,-76.52,12.89
p1,1764325492.5695,3.469,-64.83,-76.96,11.85
p1,1764325498.3292,1.847,-69.09,-76.9,7.024
G,1764325498,13.069058333,-16.747473333,12.1
p1,1764325502.3977,3.481,-65.02,-76.67,11.35
p1,1764325502.4197,3.49,-65.13,-76.44,10.98
p1,1764325502.5370,3.488,-64.6,-76.07,11.15
p1,1764325502.6687,3.477,-64.37,-76.62,11.99
p1,1764325512.4972,3.489,-63.81,-77.25,13.24
p1,1764325512.5192,3.476,-64.07,-77.54,13.27
p1,1764325512.6362,3.493,-63.45,-76.53,12.87
p1,1764325512.7682,3.487,-63.69,-77.28,13.4
p1,1764325522.5967,3.483,-64.59,-76.95,12.1
p1,1764325522.6184,3.48,-64.02,-77.04,12.8
p1,1764325522.7357,3.479,-64.37,-76.97,12.35
p1,1764325522.8677,3.484,-64.12,-76.56,12.19
p1,1764325532.6959,3.481,-64.54,-76.78,11.97
p1,1764325532.7179,3.487,-64.75,-77.22,12.22
p1,1764325532.8352,3.482,-64.5,-77.72,13.01
p1,1764325532.9669,3.479,-64.3,-77.1,12.56
p1,1764325542.7954,3.486,-64.57,-77.26,12.45
p1,1764325542.8174,3.479,-64.05,-77.69,13.45
p1,1764325542.9347,3.494,-64.34,-77.7,13.15
p1,1764325543.0664,3.487,-64.73,-76.9,11.9
p1,1764325552.8949,3.469,-64.12,-76.37,11.98
p1,1764325552.9169,3.492,-63.82,-75.99,11.9
p1,1764325553.0339,3.47,-64.23,-76.7,12.22
p1,1764325553.1659,3.487,-64.2,-76.91,12.47
G,1764325558,13.069056667,-16.747473333,12.1
C,1764325559.132,5,0
p1,1764325562.9944,3.488,-64.58,-76.37,11.49
p1,1764325563.0162,3.485,-64.32,-76.43,11.83
p1,1764325563.1334,3.479,-64.68,-77.29,12.37
p1,1764325563.2654,3.484,-64.05,-76.55,12.25
p1,1764325573.0937,3.467,-64.26,-76.81,12.29
p1,1764325573.1157,3.482,-64.89,-76.18,10.96
p1,1764325573.2329,3.495,-64.16,-76.58,12.16
p1,1764325573.3647,3.471,-64.61,-76.6,11.71
C,1764325579.135,4,0
p1,1764325583.1932,3.494,-64.47,-77.1,12.38
p1,1764325583.2152,3.489,-64.6,-76.76,11.89
p1,1764325583.3324,3.486,-64.34,-77.23,12.67
p1,1764325583.4642,3.488,-63.82,-76.9,12.86
p1,1764325593.2927,3.486,-64.23,-77.19,12.73
p1,1764325593.3146,3.486,-64.63,-76.4,11.48
p1,1764325593.4317,3.484,-64.06,-77.16,12.89
p1,1764325593.5637,3.488,-64.24,-76.65,12.16
p1,1764325603.3919,3.482,-64.25,-76.8,12.29
p1,1764325603.4139,3.488,-64.44,-77.21,12.54
p1,1764325603.5311,3.48,-64.42,-76.83,12.14
p1,1764325603.6629,3.479,-64.07,-77.33,13.05
p1,1764325613.4914,3.479,-64.39,-77.06,12.44
p1,1764325613.5134,3.48,-64.26,-77.15,12.65
p1,1764325613.6306,3.476,-64.06,-76.79,12.5
p1,1764325613.7624,3.481,-63.87,-76.76,12.66
G,1764325618,13.069053333,-16.747475,12.1
C,1764325619.135,5,0
p1,1764325623.5909,3.477,-63.94,-76.71,12.53
p1,1764325623.6129,3.481,-63.9,-77.07,12.95
p1,1764325623.7301,3.482,-64.21,-76.99,12.53
p1,1764325623.8619,3.494,-64.29,-77.4,12.9
p1,1764325633.6904,3.488,-64.52,-76.27,11.45
p1,1764325633.7121,3.474,-64.25,-76.22,11.68
p1,1764325633.8294,3.484,-64.66,-75.67,10.66
p1,1764325633.9614,3.48,-64.39,-76.17,11.48
C,1764325639.136,4,0
p1,1764325643.7896,3.471,-64.3,-76.21,11.62
p1,1764325643.8116,3.492,-63.9,-76.39,12.24
p1,1764325643.9289,3.473,-64.39,-76.51,11.85
p1,1764325644.0606,3.477,-64.15,-77.51,13.15
p1,1764325653.8891,3.472,-64.09,-78.41,14.16
p1,1764325653.9111,3.488,-63.83,-77.27,13.24
p1,1764325654.0284,3.475,-64.03,-76.81,12.54
p1,1764325654.1601,3.484,-64.63,-77.04,12.15
p1,1764325663.9886,3.479,-64.2,-77.07,12.64
p1,1764325664.0106,3.485,-64.55,-77.07,12.28
p1,1764325664.1279,3.477,-63.99,-76.13,11.87
p1,1764325664.2596,3.485,-64.97,-76.78,11.52
p1,1764325674.0881,3.485,-64.67,-77.81,12.93
p1,1764325674.1099,3.485,-64.01,-77.47,13.27
p1,1764325674.2271,3.475,-64.62,-77.46,12.61
p1,1764325674.3589,3.487,-63.93,-77.11,12.97
G,1764325678,13.069051667,-16.747476667,12.2
p1,1764325684.1874,3.468,-64.57,-77.09,12.27
p1,1764325684.2094,3.486,-64.38,-77.31,12.71
p1,1764325684.3266,3.487,-64.1,-77.28,12.96
p1,1764325684.4584,3.486,-64.57,-77.48,12.68
p1,1764325694.2869,3.485,-64.2,-78.44,14.07
p1,1764325694.3089,3.496,-63.81,-77.31,13.3
p1,1764325694.4261,3.48,-64.19,-77.43,13.02
p1,1764325694.5579,3.479,-63.94,-77.45,13.32
p1,1764325704.3864,3.488,-64.1,-76.74,12.4
p1,1764325704.4084,3.488,-64.05,-76.88,12.6
p1,1764325704.5254,3.473,-64.29,-76.97,12.45
p1,1764325704.6573,3.49,-64.05,-77.2,12.93
p1,1764325714.4858,3.488,-64.62,-77.95,13.13
p1,1764325714.5076,3.486,-65.17,-78.31,12.92
p1,1764325714.6249,3.489,-64.7,-77.21,12.26
p1,1764325714.7566,3.483,-64.76,-77.72,12.73
C,1764325719.136,5,0
p1,1764325724.5851,3.481,-64.61,-77.35,12.5
p1,1764325724.6071,3.483,-63.78,-76.96,12.97
p1,1764325724.7244,3.493,-64.46,-76.63,11.89
p1,1764325724.8561,3.481,-64.74,-76.89,11.88
p1,1764325734.6846,3.489,-64.44,-76.81,12.11
p1,1764325734.7066,3.487,-64,-76.81,12.58
p1,1764325734.8238,3.49,-64.13,-77.56,13.23
p1,1764325734.9556,3.493,-64.36,-76.46,11.82
G,1764325738,13.06905,-16.747476667,12.2
C,1764325739.135,4,0
p1,1764325744.7841,3.483,-64.49,-76.38,11.59
p1,1764325744.8058,3.483,-64.22,-77,12.55
p1,1764325744.9231,3.489,-64.37,-78.28,13.72
p1,1764325745.0551,3.48,-64.42,-77.6,12.96
p1,1764325754.8833,3.491,-64.43,-76.74,12.04
p1,1764325754.9053,3.487,-64.53,-77.25,12.48
p1,1764325755.0226,3.488,-64.19,-77.41,13.01
p1,1764325755.1543,3.489,-64.38,-77.17,12.56
p1,1764325764.9828,3.481,-64.05,-77.67,13.43
p1,1764325765.0048,3.485,-64.07,-77.67,13.41
p1,1764325765.1221,3.476,-64.09,-77.41,13.11
p1,1764325765.2538,3.487,-64.16,-77.37,12.99
p1,1764325775.0823,3.489,-64.21,-76.37,11.89
p1,1764325775.1043,3.483,-63.87,-76.44,12.31
p1,1764325775.2213,3.484,-64.14,-77.36,13.01
p1,1764325775.3533,3.471,-64.21,-77.47,13.04
C,1764325779.135,5,0
p1,1764325785.1818,3.489,-64.47,-76.99,12.27
p1,1764325785.2038,3.49,-64.23,-77.02,12.56
p1,1764325785.3208,3.487,-64.08,-76.99,12.69
p1,1764325785.4528,3.486,-63.99,-77.34,13.15
p1,1764325795.2811,3.479,-64.71,-76.93,11.95
p1,1764325795.3031,3.489,-64.4,-76.8,12.14
p1,1764325795.4203,3.483,-64.21,-76.53,12.06
p1,1764325795.5521,3.49,-63.75,-77.58,13.65
G,1764325798,13.06905,-16.747476667,12.1
C,1764325799.136,4,0
p1,1764325805.3806,3.474,-63.97,-76.8,12.6
p1,1764325805.4025,3.48,-63.98,-77.09,12.89
p1,1764325805.5198,3.48,-64.23,-77.8,13.37
p1,1764325805.6515,3.485,-63.96,-77.22,13.05
p1,1764325815.4800,3.465,-64.53,-77.11,12.33
p1,1764325815.5020,3.481,-64.17,-76.83,12.42
p1,1764325815.6190,3.48,-64.69,-77,12.05
p1,1764325815.7511,3.488,-64.01,-76.84,12.6
p1,1764325825.5795,3.489,-64.76,-76.77,11.73
p1,1764325825.6013,3.48,-64.29,-76.53,11.98
p1,1764325825.7185,3.474,-64,-76.41,12.15
p1,1764325825.8503,3.485,-64.13,-76.83,12.46
p1,1764325835.6788,3.481,-64.38,-77.2,12.58
p1,1764325835.7008,3.48,-64.48,-76.44,11.67
p1,1764325835.8180,3.485,-64.75,-77.55,12.57
p1,1764325835.9498,3.493,-64.65,-77.46,12.57
p1,1764325845.7783,3.481,-63.98,-77.13,12.94
p1,1764325845.8003,3.477,-64.26,-77.95,13.5
p1,1764325845.9175,3.483,-64.42,-77.56,12.92
p1,1764325846.0493,3.496,-64.93,-76.99,11.78
p1,1764325855.8778,3.472,-65.08,-76.71,11.32
p1,1764325855.8998,3.486,-64.4,-77.2,12.57
p1,1764325856.0168,3.483,-64.27,-77.12,12.61
p1,1764325856.1488,3.487,-63.81,-77.21,13.2
G,1764325858,13.06905,-16.747473333,12
p1,1764325865.9773,3.482,-64.15,-76.28,11.85
p1,1764325865.9993,3.486,-64.62,-76.65,11.75
p1,1764325866.1163,3.48,-64.33,-77.03,12.46
p1,1764325866.2480,3.492,-64.78,-76.98,11.93
p1,1764325876.0765,3.492,-64.2,-76.68,12.23
p1,1764325876.0985,3.481,-64.07,-77.68,13.42
p1,1764325876.2158,3.477,-64.45,-77.25,12.56
p1,1764325876.3475,3.482,-63.7,-77.17,13.26
C,1764325879.137,5,0
p1,1764325886.1760,3.468,-64.69,-77.39,12.47
p1,1764325886.1980,3.478,-64.61,-76.97,12.1
p1,1764325886.3153,3.488,-64.24,-77.24,12.78
p1,1764325886.4470,3.488,-64.72,-77.39,12.43
p1,1764325896.2755,3.484,-64.06,-77.15,12.88
p1,1764325896.2973,3.496,-64.27,-77.28,12.8
p1,1764325896.4145,3.491,-64.77,-77.02,11.99
p1,1764325896.5465,3.485,-64.37,-77.59,13.01
C,1764325899.136,4,0
p1,1764325906.3748,3.481,-64.33,-76.8,12.22
p1,1764325906.3968,3.488,-64.32,-76.84,12.27
p1,1764325906.5140,3.486,-64.25,-77.34,12.86
p1,1764325906.6458,3.487,-64.27,-76.93,12.41
p1,1764325916.4742,3.482,-64.24,-77.13,12.66
p1,1764325916.4963,3.498,-63.71,-77.04,13.12
p1,1764325916.6135,3.485,-64.18,-77.28,12.89
p1,1764325916.7452,3.494,-64.39,-77.12,12.5
G,1764325918,13.06905,-16.747473333,11.9
p1,1764325926.5737,3.486,-64.61,-77.18,12.32
p1,1764325926.5957,3.488,-63.78,-76.85,12.85
p1,1764325926.7127,3.484,-64.71,-77.25,12.29
p1,1764325926.8447,3.491,-65.24,-76.95,11.4
p1,1764325936.6732,3.484,-63.86,-77.44,13.38
p1,1764325936.6950,3.496,-64.11,-76.25,11.87
p1,1764325936.8122,3.488,-64.9,-77.52,12.37
p1,1764325936.9442,3.49,-65.14,-76.23,10.74
p1,1764325940.2387,7.332,-71.34,-78.58,6.334
p1,1764325940.6192,-6.344,-71.22,-78.92,6.883
p1,1764325941.9327,-4.215,-68.52,-76.91,7.712
p1,1764325944.1717,-5.591,-69.86,-77.28,6.551
p1,1764325944.1730,-5.221,-70.14,-77.94,7.016
p1,1764325944.2712,-3.415,-68.86,-76.86,7.244
p1,1764325944.3457,6.321,-70.77,-78.32,6.706
p1,1764325944.5707,3.284,-65.52,-76.46,10.58
p1,1764325944.5710,-6.684,-66.72,-77.3,10.18
p1,1764325944.6400,-5.224,-70.34,-77.4,6.111
p1,1764325945.4242,-5.884,-71.34,-78.73,6.513
p1,1764325946.0177,4.199,-67.79,-76.68,8.287
p1,1764325946.0182,4.279,-67.98,-77.51,9.019
p1,1764325946.7725,3.495,-64.49,-76.61,11.84
p1,1764325946.7945,3.483,-64.49,-76.41,11.64
p1,1764325946.9117,3.484,-63.72,-76.48,12.53
p1,1764325947.0435,3.479,-64.35,-77.09,12.5
p1,1764325949.3372,4.412,-67.73,-76.85,8.552
p1,1764325949.3387,-4.997,-67.84,-77.35,8.988
p1,1764325949.3792,4.772,-70.65,-77.91,6.358
p1,1764325949.4130,3.807,-70.99,-77.99,6.037
p1,1764325949.9432,-4.052,-68.63,-77.23,7.958
p1,1764325949.9455,1.561,-69.36,-76.92,6.733
p1,1764325950.6735,-5.507,-68.07,-77.22,8.587
p1,1764325950.6745,1.73,-67.47,-76.42,8.356
p1,1764325950.8227,-7.853,-69.2,-77.82,7.98
p1,1764325950.8250,-3.082,-68.95,-76.6,6.831
p1,1764325950.9335,-4.594,-69.98,-77.39,6.538
p1,1764325951.2437,5.934,-69.4,-78.37,8.39
p1,1764325951.2445,-5.905,-68.58,-77.25,8.031
p1,1764325951.3545,6.043,-70.28,-77.71,6.564
p1,1764325951.4317,-7.578,-70.41,-77.61,6.289
p1,1764325951.5315,-5.585,-68.58,-77.9,8.78
p1,1764325951.6977,5.419,-69.5,-77.65,7.426
p1,1764325951.6982,-2.592,-69.29,-76.9,6.788
p1,1764325951.7777,-7.54,-69.95,-77.93,7.232
p1,1764325951.7795,1.861,-68.93,-76.9,7.218
p1,1764325951.8795,7.427,-68.32,-78.17,9.372
p1,1764325951.8815,-2.662,-67.59,-77.04,8.926
p1,1764325951.9937,5.464,-70.54,-77.53,6.015
p1,1764325951.9940,5.513,-70.42,-78.31,7.113
p1,1764325952.1132,1.891,-68.39,-75.6,6.291
p1,1764325952.1437,4.069,-64.49,-75.93,11.11
p1,1764325952.2247,-5.898,-68.01,-77.38,8.839
p1,1764325952.2257,2.286,-68.51,-76.37,7.084
p1,1764325952.3070,5.111,-65.44,-76.57,10.78
p1,1764325952.3072,-6.675,-65.7,-76.34,10.24
p1,1764325952.3255,1.959,-67.84,-76.9,8.483
p1,1764325952.3270,-6.186,-67.84,-77.42,9.069
p1,1764325952.4550,-6.552,-69.61,-77.92,7.617
p1,1764325952.4552,-3.486,-69,-76.83,7.048
p1,1764325952.6400,-5.187,-63.04,-77.21,14
p1,1764325952.6402,-5.162,-63.49,-76.57,12.87
p1,1764325952.8030,-5.984,-68.04,-76.43,7.71
p1,1764325952.8032,-5.309,-68.13,-75.82,6.873
p1,1764325952.8777,-4.441,-68.62,-76.74,7.385
p1,1764325952.8780,6.267,-68.57,-77.25,8.047
p1,1764325952.9840,1.873,-69.51,-76.51,6.029
p1,1764325953.0652,4.264,-68.85,-77.53,8.053
p1,1764325953.0805,-1.917,-62.34,-74.57,11.97
p1,1764325953.0807,-5.502,-62.46,-75.01,12.31
p1,1764325953.1282,-3.21,-66.55,-76,8.924
p1,1764325953.1285,-6.291,-66.82,-77,9.737
p1,1764325953.1450,4.321,-69.36,-77.21,7.075
p1,1764325953.1470,-1.906,-67.8,-76.63,8.22
p1,1764325953.1667,1.928,-63.45,-74.22,10.39
p1,1764325953.1675,-5.561,-63.57,-74.99,11.1
p1,1764325953.8182,1.825,-68.68,-75.75,6.125
p1,1764325953.8570,4.437,-63.77,-77.6,13.65
p1,1764325953.8575,4.295,-63.11,-76.83,13.53
p1,1764325953.9645,-5.158,-67.54,-78.37,10.46
p1,1764325953.9647,1.859,-67.36,-77.36,9.551
p1,1764325954.1002,-3.574,-69.9,-77.3,6.525
p1,1764325954.1022,-5.88,-70.64,-78.43,6.997
p1,1764325954.1687,7.508,-66.83,-77.83,10.65
p1,1764325954.1697,-4.262,-66.47,-76.89,9.996
p1,1764325954.2300,6.211,-68.33,-76.48,7.433
p1,1764325954.2310,1.847,-68.13,-75.51,6.5
p1,1764325954.3115,5.498,-68.85,-76.71,7.079
p1,1764325954.3465,-5.649,-69.64,-77.41,6.976
p1,1764325954.4442,-7.672,-69.73,-77.77,7.308
p1,1764325954.4712,-5.843,-65.26,-75.45,9.754
p1,1764325954.4730,5.049,-65.21,-74.52,8.768
p1,1764325954.5565,-4.641,-68.31,-76.61,7.609
p1,1764325954.7360,5.492,-62.98,-73.62,10.24
p1,1764325954.7377,-3.531,-63.43,-73.11,9.181
p1,1764325954.8007,-4.677,-64.63,-75.67,10.68
p1,1764325954.8010,-4.676,-65.66,-76.16,10.1
p1,1764325954.8365,5.496,-68.37,-76.5,7.403
p1,1764325954.8617,6.73,-68.74,-77.39,8.016
p1,1764325954.8620,-5.144,-69.24,-76.71,6.618
p1,1764325954.9637,7.074,-69.81,-77.18,6.499
p1,1764325955.0215,-7.151,-64.86,-77.25,12.13
p1,1764325955.0222,2.216,-65.17,-76.45,10.94
p1,1764325955.3147,5.558,-70.49,-77.58,6.153
p1,1764325955.3557,4.306,-65.79,-76.51,10.33
p1,1764325955.3565,5.413,-64.85,-76.85,11.72
p1,1764325955.4302,-6.732,-70.21,-77.73,6.679
p1,1764325955.4322,1.912,-69.36,-77.28,7.16
p1,1764325955.4555,-5.931,-64.86,-75.57,10.33
p1,1764325955.4560,3.902,-64.76,-75.33,10.17
p1,1764325955.5020,-1.895,-65.83,-74.59,8.141
p1,1764325955.5032,4.204,-65.44,-75.1,9.161
p1,1764325955.5302,-2.86,-63.12,-75.81,12.45
p1,1764325955.5305,6.594,-63.29,-76.42,12.91
p1,1764325955.5547,-6.353,-66.09,-77.23,10.79
p1,1764325955.5550,4.711,-65.93,-77.55,11.31
p1,1764325955.6162,-7.027,-69.56,-76.71,6.225
p1,1764325955.6330,-6.692,-67.44,-76.85,8.879
p1,1764325955.6332,1.937,-67.8,-75.46,6.846
p1,1764325955.7507,-2.683,-65.11,-73,7.117
p1,1764325955.7517,5.607,-65.27,-73.56,7.587
p1,1764325955.7795,-3.095,-67.48,-76.87,8.856
p1,1764325955.8180,1.848,-68.34,-75.58,6.336
p1,1764325955.8195,-5.569,-68.32,-76.27,7.189
p1,1764325955.8695,1.908,-67,-75.67,8.035
p1,1764325955.8710,7.288,-67.17,-76.56,8.868
p1,1764325955.9100,3.803,-68.64,-75.77,6.195
p1,1764325955.9102,2.268,-67.98,-74.99,6.051
p1,1764325955.9250,-4.456,-68.68,-76.88,7.486
p1,1764325955.9607,-3.487,-66.43,-75.63,8.646
p1,1764325955.9622,-7.23,-66.5,-76.09,9.088
p1,1764325955.9832,3.882,-67.93,-76.52,7.946
p1,1764325956.0032,-6.202,-67.04,-76.74,9.205
p1,1764325956.0742,5.204,-68.85,-77.13,7.582
p1,1764325956.2070,2.413,-65.56,-76.13,10.17
p1,1764325956.2072,6.232,-65.56,-76.8,10.9
p1,1764325956.3040,3.905,-69.31,-76.75,6.583
p1,1764325956.3042,-2.026,-68.4,-75.66,6.35
p1,1764325956.4557,-7.476,-70.82,-77.96,6.218
p1,1764325956.4910,5.082,-67.34,-75.66,7.627
p1,1764325956.7375,4.716,-68.71,-75.78,6.121
p1,1764325956.7705,-5.484,-69.11,-77.18,7.331
p1,1764325956.7707,-5.491,-68.55,-76.43,7.11
p1,1764325956.8720,3.483,-64.28,-75.92,11.34
p1,1764325956.8940,3.483,-63.73,-76.48,12.51
p1,1764325956.9322,-5.102,-66.74,-75.09,7.665
p1,1764325956.9745,1.891,-66.18,-74.31,7.395
p1,1764325957.0112,3.482,-63.8,-76.1,12.04
p1,1764325957.0802,1.846,-65.08,-75.74,10.27
p1,1764325957.1430,3.497,-63.93,-75.24,10.98
p1,1764325957.2025,-3.849,-66.65,-78.27,11.31
p1,1764325957.2030,-3.9,-66.97,-76.51,9.028
p1,1764325957.2437,-4.276,-66.54,-75.06,7.852
p1,1764325957.2852,2.498,-68.69,-76.9,7.499
p1,1764325957.3050,-4.295,-68.85,-76.21,6.478
p1,1764325957.3055,-7.059,-68.51,-77.06,7.893
p1,1764325957.5017,1.998,-64.92,-74.91,9.53
p1,1764325957.5032,-6.281,-65.01,-75.94,10.56
p1,1764325957.6575,7.1,-66.76,-74.72,7.205
p1,1764325957.6580,1.865,-66.7,-74.72,7.272
p1,1764325957.7732,-5.085,-65.21,-76.43,10.89
p1,1764325957.8247,-1.718,-68.21,-76.27,7.326
p1,1764325957.8250,5.698,-68.14,-76.52,7.709
p1,1764325957.9522,7.189,-68.58,-75.83,6.338
p1,1764325957.9525,2.71,-68.11,-76.13,7.269
p1,1764325957.9797,-5.845,-67.94,-76.82,8.275
p1,1764325958.0185,-5.497,-67.31,-74.42,6.167
p1,1764325958.0192,6.267,-66.53,-75.61,8.511
p1,1764325958.0862,1.897,-69.08,-76.67,6.763
p1,1764325958.0867,7.084,-69.22,-77.68,7.794
p1,1764325958.1150,1.86,-65.41,-73.68,7.569
p1,1764325958.3877,1.889,-69.53,-76.86,6.44
p1,1764325958.5147,4.265,-65.22,-74.52,8.763
p1,1764325958.5152,-1.949,-64.86,-73.77,8.316
p1,1764325958.6167,-4.039,-65.96,-76.44,10.07
p1,1764325958.6175,3.867,-66.68,-77.08,9.993
p1,1764325958.6962,5.07,-67.06,-76.38,8.781
p1,1764325958.6970,-6.685,-67.25,-77.28,9.583
p1,1764325958.7750,5.786,-68.74,-77.29,7.887
p1,1764325958.7757,-3.465,-68.72,-75.94,6.302
p1,1764325958.8200,3.615,-64.11,-76.23,11.85
p1,1764325959.0010,-4.707,-68.08,-77.14,8.485
p1,1764325959.0227,-4.995,-66.87,-75.31,7.77
p1,1764325959.0235,-4.993,-67,-75.9,8.297
p1,1764325959.0400,-5.598,-62.45,-76.08,13.44
p1,1764325959.0405,-5.648,-62.79,-75.68,12.66
p1,1764325959.0652,1.967,-64.15,-75.86,11.4
p1,1764325959.0657,-4.586,-64.1,-76.83,12.5
p1,1764325959.0950,4.784,-62.68,-76.19,13.32
p1,1764325959.0962,7.45,-62.75,-77.63,14.73
p1,1764325959.1215,6.125,-68.9,-77.6,8.075
p1,1764325959.1367,4.893,-66.36,-76.34,9.526
p1,1764325959.1780,6.712,-61.13,-73.44,12.05
p1,1764325959.1782,-5.091,-61.36,-73.15,11.49
p1,1764325959.2517,-1.76,-68.22,-76.65,7.761
p1,1764325959.3000,4.702,-66.5,-75.62,8.555
p1,1764325959.3007,1.983,-65.88,-75.1,8.664
p1,1764325959.4330,-3.196,-63.17,-76.26,12.87
p1,1764325959.4332,6.658,-63.05,-76.34,13.08
p1,1764325959.4735,3.601,-63.21,-75.11,11.61
p1,1764325959.4975,5.314,-67.05,-74.59,6.693
p1,1764325959.4980,-5.21,-66.73,-73.78,6.096
p1,1764325959.5570,6.334,-66.8,-77.67,10.49
p1,1764325959.5585,4.284,-65.58,-76.72,10.8
p1,1764325959.7187,6.779,-62.83,-73.93,10.75
p1,1764325959.7347,-3.568,-63.05,-74.88,11.54
p1,1764325959.7362,-5.002,-63.97,-75.24,10.94
p1,1764325959.8587,2.296,-69.26,-77.13,7.093
p1,1764325959.9300,4.313,-68.92,-76.62,6.89
p1,1764325959.9630,2.078,-64.75,-76.58,11.53
p1,1764325960.0275,7.399,-64.23,-74.02,9.311
p1,1764325960.1157,2.887,-65.54,-75.01,8.946
p1,1764325960.1162,-7.56,-66.04,-75.61,9.063
p1,1764325960.1427,5.85,-69.61,-76.92,6.416
p1,1764325960.1577,3.14,-60.44,-75.48,14.91
p1,1764325960.2350,4.279,-69.23,-77.05,7.04
p1,1764325960.2497,-3.076,-68.99,-76.7,6.902
p1,1764325960.2500,-5.876,-69.61,-77.14,6.694
p1,1764325960.2892,2.329,-68.24,-76.36,7.398
p1,1764325960.2895,-7.48,-68.3,-77.67,8.833
p1,1764325960.3065,-4.231,-64.61,-76.37,11.46
p1,1764325960.3067,2.274,-64.23,-75.54,10.98
p1,1764325960.3487,7.466,-67.25,-74.39,6.206
p1,1764325960.3490,2.311,-67.21,-74.2,6.017
p1,1764325960.3587,6.367,-66.99,-74.64,6.828
p1,1764325960.3590,3.989,-67.29,-74.57,6.38
p1,1764325960.4027,7.134,-68.52,-75.91,6.515
p1,1764325960.4800,1.94,-66.61,-74.07,6.591
p1,1764325960.4805,4.713,-66.9,-74.36,6.599
p1,1764325960.5292,4.989,-64.56,-72.8,7.542
p1,1764325960.5295,5.039,-65.06,-73.27,7.489
p1,1764325960.5515,5.494,-67.55,-75.48,7.178
p1,1764325960.7570,-5.993,-68.4,-77.93,9.016
p1,1764325960.7830,2.519,-69.36,-76.61,6.343
p1,1764325960.7835,4.392,-70.6,-77.91,6.41
p1,1764325960.8425,4.978,-65.2,-76.56,11.02
p1,1764325960.8427,-6.251,-65.41,-77.22,11.52
p1,1764325960.9032,3.648,-62.6,-76.33,13.54
p1,1764325960.9462,-6.695,-70.02,-77.37,6.463
p1,1764325961.0315,7.141,-68.32,-77.16,8.235
p1,1764325961.0462,-4.665,-63.5,-76.25,12.51
p1,1764325961.0465,-4.655,-64.08,-75.26,10.83
p1,1764325961.0720,-6.258,-66.07,-76.03,9.501
p1,1764325961.0725,-3.05,-65.82,-75.93,9.659
p1,1764325961.1790,-5.817,-66.52,-74.82,7.607
p1,1764325961.1795,1.97,-66.28,-74.26,7.226
p1,1764325961.2272,-4.731,-66.41,-76.06,9.148
p1,1764325961.2707,-3.389,-66.21,-74.65,7.775
p1,1764325961.2712,7.078,-66.3,-75.19,8.296
p1,1764325961.2877,-7.041,-69.63,-77.37,6.933
p1,1764325961.3690,6.19,-67.44,-75.65,7.496
p1,1764325961.3702,-3.56,-67.02,-75.14,7.384
p1,1764325961.4170,3.715,-65.65,-72.92,6.372
p1,1764325961.4175,7.742,-65.71,-73.53,7.038
p1,1764325961.4635,1.941,-62.22,-73.64,11.09
p1,1764325961.4640,-5.599,-62.07,-75.23,12.95
p1,1764325961.4785,-5.618,-66.99,-74.92,7.171
p1,1764325961.4790,-4.058,-66.74,-75.94,8.64
p1,1764325961.4975,-4.322,-67.64,-75.73,7.358
p1,1764325961.5157,7.123,-65.66,-76.97,10.98
p1,1764325961.5967,-1.871,-66.56,-76.36,9.315
p1,1764325961.5980,-5.515,-66.47,-76.9,10.02
p1,1764325961.6280,7.65,-63.84,-73.65,9.337
p1,1764325961.6287,3.364,-64.66,-72.87,7.492
p1,1764325961.7200,1.788,-66.21,-74.63,7.737
p1,1764325961.7205,-7.13,-66.47,-75.41,8.341
p1,1764325961.8192,1.892,-63.78,-76.68,12.68
p1,1764325961.8195,-6.705,-64.17,-77.6,13.23
p1,1764325961.8590,-7.629,-68.53,-75.69,6.237
p1,1764325961.8732,-4.39,-67.11,-74.39,6.381
p1,1764325961.9555,2.065,-60.42,-74.42,13.83
p1,1764325961.9945,7.57,-63.97,-72.79,8.216
p1,1764325961.9950,-4.303,-63.87,-71.94,7.331
p1,1764325962.0862,-5.064,-64.93,-74.82,9.424
p1,1764325962.1205,-3.527,-66.44,-75.36,8.325
p1,1764325962.1447,7.487,-68.22,-75.52,6.396
p1,1764325962.1592,5.027,-65.04,-74.71,9.182
p1,1764325962.1597,5.037,-65.42,-75.86,10.02
p1,1764325962.2714,-6.199,-70.3,-77.33,6.072
p1,1764325962.3970,4.243,-70.85,-78.31,6.592
p1,1764325962.4372,4.301,-68.51,-76.32,7.022
p1,1764325962.4782,5.182,-62.58,-75.69,12.9
p1,1764325962.4802,2.659,-62.05,-74.55,12.25
p1,1764325962.5397,-4.599,-69.45,-77.09,6.816
p1,1764325962.6087,7.708,-65.83,-78.01,11.92
p1,1764325962.6095,-4.72,-66.08,-77.02,10.57
p1,1764325962.6350,4.738,-66.69,-76.02,8.783
p1,1764325962.6770,-4.433,-69.96,-77.33,6.488
p1,1764325962.6777,-2.695,-69,-77,7.255
p1,1764325962.8067,4.884,-68.54,-77.39,8.249
p1,1764325962.8072,-3.559,-67.97,-76.68,8.08
p1,1764325962.8475,-3.822,-65.56,-77.3,11.44
p1,1764325962.8480,-6.495,-65.35,-77.41,11.78
p1,1764325962.9652,-4.311,-66.19,-77.38,10.84
p1,1764325962.9665,1.811,-65.67,-76.63,10.6
p1,1764325963.1060,6.742,-68.42,-76.82,7.714
p1,1764325963.1067,1.878,-68.62,-75.63,6.054
p1,1764325963.1917,-6.331,-64.94,-78.26,13.11
p1,1764325963.2080,6.974,-68.91,-76.85,7.188
p1,1764325963.2477,5.527,-70.77,-78,6.327
p1,1764325963.2647,5.256,-69.19,-76.21,6.061
p1,1764325963.2895,-2.936,-68.9,-77.18,7.586
p1,1764325963.2902,-5.895,-68.52,-77.68,8.596
p1,1764325963.3060,5.233,-71.09,-78.13,6.082
p1,1764325963.3717,5.852,-68.34,-77.72,8.848
p1,1764325963.3722,-2.211,-67.95,-76.46,7.843
p1,1764325963.4727,-4.699,-65.15,-76.68,11.21
p1,1764325963.4739,6.368,-64.95,-77.3,12.09
p1,1764325963.5835,5.818,-68.66,-77.03,7.687
p1,1764325963.5837,5.682,-69.1,-77.31,7.508
p1,1764325963.6377,1.833,-69.1,-76.34,6.333
p1,1764325963.6385,-7.498,-69.92,-77.47,6.717
p1,1764325964.0055,2.708,-68.45,-77.37,8.315
p1,1764325964.0057,4.309,-69.05,-78.42,8.833
p1,1764325964.2355,3.916,-62.48,-76,13.32
p1,1764325964.2372,-5.056,-62.44,-76.7,14.09
p1,1764325964.3110,-4.365,-68.91,-76.76,7.069
p1,1764325964.3125,-4.696,-69.47,-77.76,7.591
p1,1764325964.4060,1.838,-68.75,-76.38,6.811
p1,1764325964.4062,6.302,-69.48,-77.13,6.838
p1,1764325964.4397,4.064,-69.45,-77.62,7.45
p1,1764325964.4412,1.979,-69.06,-76.44,6.496
p1,1764325964.5360,6.291,-69.46,-76.84,6.502
p1,1764325964.5365,-3.193,-68.83,-76.53,6.891
p1,1764325964.7065,3.531,-66.35,-77.15,10.43
p1,1764325964.7070,-4.673,-66.14,-78.02,11.59
p1,1764325965.1120,4.928,-68.67,-77.71,8.467
p1,1764325965.1975,7.6,-71.06,-78.44,6.502
p1,1764325965.3580,-3.913,-68.57,-77.77,8.647
p1,1764325965.3585,-3.924,-68.07,-77.74,9.178
p1,1764325965.5200,-7.958,-67.84,-78.39,10.15
p1,1764325965.5202,-2.665,-67.17,-76.78,9.111
p1,1764325965.6257,-6.693,-67.74,-77.65,9.438
p1,1764325965.6262,-5.6,-68.21,-76.79,7.921
p1,1764325965.6410,-3.992,-67.91,-78.18,9.841
p1,1764325965.6412,-3.936,-68.79,-76.86,7.333
p1,1764325965.7910,-5.078,-68.96,-77.84,8.277
p1,1764325965.7912,-5.021,-68.83,-78,8.618
p1,1764325966.9437,-7.683,-67.16,-76.73,9.067
p1,1764325966.9442,-3.087,-67.08,-76.43,8.814
p1,1764325966.9715,3.499,-63.85,-77.08,13.01
p1,1764325966.9935,3.487,-64,-75.27,10.94
p1,1764325966.9982,4.691,-69.2,-76.83,6.807
p1,1764325967.0180,4.282,-70.56,-78.01,6.592
p1,1764325967.1105,3.492,-64.22,-77.05,12.6
p1,1764325967.1895,4.759,-69.96,-77.71,6.945
p1,1764325967.1897,1.966,-70.03,-77.51,6.625
p1,1764325967.2425,3.488,-64.04,-75.26,10.88
p1,1764325967.4670,5.448,-70.08,-78.34,7.551
p1,1764325967.9430,-5.499,-70.61,-77.66,6.09
p1,1764325967.9685,-3.947,-69.92,-78.19,7.561
p1,1764325968.0587,-5.86,-69.91,-77.41,6.652
p1,1764325968.1160,6.628,-68.77,-77.46,8.065
p1,1764325968.1162,-3.119,-69.56,-77.05,6.635
p1,1764325968.1402,4.629,-70.53,-77.59,6.103
p1,1764325968.3677,3.217,-68.56,-75.72,6.234
p1,1764325968.3690,7.179,-69.1,-76.69,6.759
p1,1764325968.8270,-3.562,-68.59,-76.37,6.982
p1,1764325969.0432,-4.415,-68.35,-75.35,6.034
p1,1764325969.0440,3.992,-67.92,-76.53,7.956
p1,1764325969.0710,2.722,-67.23,-75.37,7.415
p1,1764325969.0715,6.715,-68.06,-76.19,7.4
p1,1764325969.6135,-4.458,-66.89,-78.17,10.94
p1,1764325969.7110,-3.872,-69.4,-76.65,6.336
p1,1764325969.7130,6.586,-69.4,-77.84,7.771
p1,1764325969.9750,1.86,-65.58,-75.45,9.396
p1,1764325969.9752,-3.941,-66.31,-76.43,9.67
p1,1764325970.1500,-7.407,-70.4,-77.42,6.066
p1,1764325970.2857,-5.956,-69.41,-77.59,7.46
p1,1764325970.2862,-5.6,-69.57,-76.97,6.525
p1,1764325970.5760,4.715,-69.08,-78.19,8.544
p1,1764325970.5762,4.729,-68.53,-76.77,7.535
p1,1764325970.8600,5.155,-71.42,-78.61,6.28
p1,1764325974.1437,-5.346,-69.13,-78.32,8.629
p1,1764325974.1445,-4.596,-68.44,-76.62,7.462
p1,1764325974.9765,5.153,-69.68,-77.19,6.662
p1,1764325974.9767,-3.816,-70.28,-78.77,7.826
p1,1764325975.7310,3.397,-69,-76.68,6.872
p1,1764325976.0727,6.813,-69.87,-78.21,7.651
p1,1764325977.0707,3.477,-64.83,-76.58,11.45
p1,1764325977.0927,3.475,-63.83,-76.86,12.81
p1,1764325977.2100,3.482,-63.68,-76.95,13.05
p1,1764325977.3417,3.488,-64.25,-77.27,12.79
G,1764325978,13.069048333,-16.747473333,12
C,1764325980.005,5,0
p1,1764325985.1905,-7.558,-70.01,-78.28,7.571
p1,1764325985.9510,-3.85,-71.33,-78.46,6.194
p1,1764325985.9517,-4.023,-69.38,-77.32,7.182
p1,1764325986.1592,6.139,-70.04,-78.48,7.773
p1,1764325986.1602,4.631,-70.14,-77.23,6.14
p1,1764325987.1372,-5.806,-70.56,-77.81,6.342
p1,1764325987.1702,3.479,-64.64,-76.3,11.36
p1,1764325987.1922,3.484,-64.37,-76.77,12.14
p1,1764325987.3095,3.48,-64.56,-76.01,11.13
p1,1764325987.4412,3.483,-64.27,-77.02,12.51
p1,1764325988.2660,5.317,-69.89,-78.24,7.657
p1,1764325988.7320,-7.179,-70.45,-78.69,7.531
p1,1764325989.0737,5.878,-69.6,-77.46,7.09
p1,1764325991.7990,7.441,-71.54,-78.87,6.434
p1,1764325991.9282,-6.871,-70.61,-77.77,6.235
p1,1764325997.2697,3.479,-63.99,-77.3,13.1
p1,1764325997.2917,3.49,-63.95,-77.25,13.09
p1,1764325997.4090,3.493,-64.23,-76.22,11.7
p1,1764325997.4575,-4.521,-72.01,-79.03,6.063
p1,1764325997.4785,6.324,-71.49,-78.78,6.401
p1,1764325997.5407,3.489,-64.63,-77.19,12.31
p1,1764325997.5825,7.045,-72.09,-79.12,6.068
p1,1764325998.3557,-5.038,-71.03,-78.67,6.821
p1,1764325998.3562,2.031,-70.26,-77.56,6.402
p1,1764325998.5352,3.929,-70.52,-78.05,6.683
p1,1764325998.5765,4.694,-68.68,-78.07,8.854
p1,1764325998.5770,-7.293,-67.52,-79.05,11.21
p1,1764325998.6317,7.832,-69.92,-77.21,6.399
p1,1764325998.7799,-4.373,-69.49,-77.41,7.155
p1,1764325998.7804,4.384,-69.23,-77.14,7.145
p1,1764325998.8480,6.703,-70.11,-77.44,6.441
p1,1764325998.9177,-6.74,-70.33,-77.5,6.236
p1,1764325998.9479,-5.084,-69.66,-77.68,7.275
p1,1764325998.9667,-7.164,-66.92,-77.48,10.15
p1,1764325999.0087,1.848,-68.6,-76.73,7.414
p1,1764325999.0315,1.958,-67.85,-75.23,6.505
p1,1764325999.0332,-4.292,-68.21,-76.09,7.112
p1,1764325999.2529,-5.881,-69.42,-76.94,6.672
p1,1764325999.2534,7.045,-68.48,-78.42,9.481
p1,1764325999.2760,-7.5,-71.88,-79.27,6.505
p1,1764325999.4330,-7.597,-70.24,-77.84,6.771
p1,1764326000.2597,-7.423,-71.44,-78.76,6.434
p1,1764326001.7002,6.607,-68.62,-77.13,7.842
p1,1764326001.7910,-3.204,-68.64,-76.03,6.512
p1,1764326001.7917,5.827,-67.88,-76.7,8.201
p1,1764326001.9835,-7.485,-68.89,-75.99,6.152
p1,1764326002.0140,5.577,-68.78,-77.28,7.839
p1,1764326002.0705,3.921,-67.72,-76.38,8.028
p1,1764326002.2350,-4.254,-70.03,-77.37,6.454
p1,1764326002.2625,3.295,-65.17,-72.63,6.593
p1,1764326002.2627,-6.321,-65.64,-73.41,6.969
p1,1764326002.2730,1.896,-65.51,-72.55,6.085
p1,1764326002.3139,5.588,-67.66,-75.83,7.453
p1,1764326002.3527,7.119,-68.69,-76.62,7.16
p1,1764326002.5040,-6.029,-70.06,-77.36,6.413
p1,1764326002.7900,7.643,-65.58,-76.49,10.55
p1,1764326002.7902,1.817,-65.36,-75.15,9.308
p1,1764326002.8940,7.538,-68.38,-77.32,8.343
p1,1764326002.8945,2.301,-67.58,-76.04,7.79
p1,1764326002.9347,3.85,-67.65,-75.81,7.437
p1,1764326003.1372,-5.53,-68.18,-76.78,7.953
p1,1764326003.1374,3.195,-68.03,-76.5,7.805
p1,1764326003.1617,-5.238,-67.38,-75.68,7.599
p1,1764326003.1984,-7.575,-69.68,-76.68,6.034
p1,1764326003.4670,-4.323,-69.32,-76.45,6.186
p1,1764326003.5114,5.57,-68.98,-77.69,8.083
p1,1764326003.5117,3.63,-67.94,-76.95,8.429
p1,1764326003.6237,4.701,-66.57,-74.02,6.584
p1,1764326003.6902,-5.412,-69.52,-76.8,6.384
p1,1764326003.7162,7.128,-70,-77.35,6.472
p1,1764326003.7707,5.092,-67.33,-77.34,9.553
p1,1764326003.8287,-6.938,-69.34,-76.47,6.197
p1,1764326003.8307,3.382,-68.74,-76.3,6.729
p1,1764326004.0172,2.946,-63.85,-77.34,13.29
p1,1764326004.0180,-2.197,-63.88,-76.86,12.75
p1,1764326004.0332,-6.706,-66.41,-77.7,10.96
p1,1764326004.0685,4.138,-69.43,-76.86,6.571
p1,1764326004.1162,4.172,-67.15,-76.86,9.22
p1,1764326004.1169,3.984,-66.33,-76.02,9.195
p1,1764326004.1577,7.05,-70.32,-77.82,6.654
p1,1764326004.1582,1.904,-69.59,-76.81,6.298
p1,1764326004.2387,-3.54,-66.76,-75.76,8.412
p1,1764326004.2400,-4.331,-66.7,-76.27,9.065
p1,1764326004.3852,-5.489,-67.91,-75.97,7.32
p1,1764326004.3870,5.12,-68.04,-75.26,6.301
p1,1764326004.6967,4.743,-69.25,-76.3,6.099
p1,1764326004.6972,4.788,-69.07,-77.24,7.456
p1,1764326004.8202,-6.677,-68.74,-76.18,6.572
p1,1764326004.8369,-4.478,-68.58,-75.98,6.525
p1,1764326004.8372,-1.896,-67.08,-74.9,7.035
p1,1764326005.0647,7.607,-67.95,-76.5,7.901
p1,1764326005.0662,2.402,-66.92,-75.76,8.237
p1,1764326005.0825,-3.794,-63.59,-75.63,11.76
p1,1764326005.0830,-3.874,-63.48,-75.11,11.32
p1,1764326005.1032,4.754,-68.05,-77.17,8.554
p1,1764326005.1035,4.724,-69.47,-77.42,7.197
p1,1764326005.3525,-6.225,-69.15,-77.39,7.53
p1,1764326005.6645,1.798,-67.03,-76.69,9.162
p1,1764326005.6657,4.591,-68.01,-77.08,8.498
p1,1764326005.8290,5.41,-65,-75.37,9.953
p1,1764326005.8292,5.423,-65.17,-74.48,8.762
p1,1764326005.9842,-7.791,-67.48,-77.49,9.553
p1,1764326005.9844,3.487,-68.47,-76.8,7.638
p1,1764326006.1512,-4.724,-69.33,-76.55,6.303
p1,1764326006.1517,-7.386,-68.71,-77.91,8.648
p1,1764326006.1722,-3.389,-69.36,-76.84,6.621
p1,1764326006.3692,3.875,-65.66,-74.57,8.319
p1,1764326006.3697,7.941,-65.62,-74.45,8.219
p1,1764326006.4989,7.165,-67.4,-77.53,9.681
p1,1764326006.5582,5.741,-70.8,-77.94,6.208
p1,1764326006.6652,1.888,-68.47,-76.19,6.916
p1,1764326006.7262,-4.023,-70.1,-77.29,6.272
p1,1764326006.9829,6.201,-70.06,-77.05,6.02
p1,1764326007.1050,1.985,-68.37,-76.31,7.181
p1,1764326007.1070,-5.511,-68.9,-77.32,7.747
p1,1764326007.2690,1.89,-66.92,-75.53,7.967
p1,1764326007.2705,4.655,-67.52,-76.96,8.906
p1,1764326007.3690,3.485,-63.88,-75.31,11.1
p1,1764326007.3910,3.485,-64.16,-75.39,10.89
p1,1764326007.4197,4.623,-67.29,-77.81,10.12
p1,1764326007.4204,4.612,-67.27,-78.28,10.64
p1,1764326007.5082,3.492,-64.07,-73.93,9.377
p1,1764326007.6402,3.493,-63.69,-74.19,10.09
p1,1764326007.8857,-5.454,-67.44,-76.35,8.319
p1,1764326007.8862,-2.369,-65.67,-76.25,10.19
p1,1764326007.9165,-6.319,-68.29,-76.64,7.665
p1,1764326007.9182,4.731,-68.06,-75.98,7.158
p1,1764326007.9999,-5.598,-68.43,-76.06,6.804
p1,1764326008.0502,7.52,-67.03,-76.12,8.516
p1,1764326008.0504,1.982,-66.51,-75.54,8.452
p1,1764326008.0947,-7.467,-63.1,-76.21,12.9
p1,1764326008.0965,1.914,-62.81,-75.66,12.62
p1,1764326008.1457,3.791,-69.44,-76.73,6.394
p1,1764326008.1632,6.316,-65.69,-74.68,8.405
p1,1764326008.1637,-3.475,-65.57,-73.94,7.684
p1,1764326008.2052,6.255,-69.67,-76.82,6.224
p1,1764326008.3895,-5.294,-69.72,-77.48,6.968
p1,1764326008.7379,-5.424,-68.19,-76.17,7.222
p1,1764326008.7752,-4.503,-68.7,-77.24,7.893
p1,1764326008.9447,-3.861,-65.32,-73.68,7.681
p1,1764326008.9449,3.893,-65.61,-74.33,8.097
p1,1764326009.2675,4.665,-70.48,-77.8,6.427
p1,1764326009.6432,4.681,-67.23,-74.8,6.727
p1,1764326009.7234,-3.474,-64.95,-75.96,10.66
p1,1764326009.7242,4.497,-65.96,-76.57,10.22
p1,1764326009.7852,3.038,-68.07,-75.26,6.272
p1,1764326009.8282,5.078,-67.81,-76.08,7.574
p1,1764326009.8284,5.006,-66.97,-75.5,7.877
p1,1764326009.8474,-5.422,-66.78,-75.3,7.863
p1,1764326009.8477,-4.415,-66.88,-76.37,8.979
p1,1764326009.8727,6.109,-69.2,-76.9,6.895
p1,1764326009.9104,6.697,-70.62,-77.97,6.467
p1,1764326010.3394,-5.087,-68.67,-77.23,7.909
p1,1764326010.3409,4.295,-68.62,-76.21,6.763
p1,1764326010.6237,5.059,-67.12,-75.64,7.855
p1,1764326010.6249,1.875,-66.01,-75.45,8.916
p1,1764326011.0784,-5.034,-68.77,-77.27,7.841
p1,1764326011.0792,1.935,-67.73,-75.95,7.518
p1,1764326011.2142,5.04,-69.4,-77.3,7.134
p1,1764326011.2632,5.6,-68.09,-76.55,7.788
p1,1764326011.3457,-3.865,-70.5,-78.18,6.873
p1,1764326011.5079,5.42,-65.8,-76.75,10.59
p1,1764326011.5084,4.615,-64.27,-75.37,10.75
p1,1764326011.9097,7.479,-69.24,-77.15,7.147
p1,1764326012.0792,2.013,-68.45,-75.94,6.639
p1,1764326012.0812,-3.874,-68.37,-77.06,8.053
p1,1764326012.1872,-7.499,-69.7,-77.35,6.834
p1,1764326012.2467,-3.905,-67.9,-76.77,8.271
p1,1764326012.2472,-5.948,-67.9,-77.82,9.458
p1,1764326012.6877,7.138,-68.4,-76.17,6.977
p1,1764326012.6892,1.888,-68.18,-75.27,6.148
p1,1764326012.7177,3.885,-68.02,-76.76,8.119
p1,1764326012.7609,-6.251,-68.03,-76.52,7.828
p1,1764326012.8459,-4.645,-70.1,-77.26,6.242
p1,1764326012.9454,4.4,-71.15,-78.13,6.005
p1,1764326013.0152,-3.001,-66.77,-76.03,8.719
p1,1764326013.0172,3.892,-67.32,-76.68,8.829
p1,1764326013.0512,7.494,-69.84,-76.88,6.084
p1,1764326013.2514,1.906,-69.35,-76.4,6.096
p1,1764326013.2922,4.659,-70.66,-77.9,6.333
p1,1764326013.4377,1.8,-65.89,-76.13,9.813
p1,1764326013.5624,1.921,-64.44,-73.05,7.965
p1,1764326013.6217,4.242,-64.67,-75.4,10.35
p1,1764326013.6219,4.266,-64.69,-75.76,10.71
p1,1764326013.8257,1.893,-67.8,-76.05,7.549
p1,1764326013.8634,1.831,-66.95,-76.46,8.998
p1,1764326013.8657,5.172,-66.27,-77.83,11.25
p1,1764326013.8907,-5.688,-68.41,-78.6,9.757
p1,1764326013.8914,2.298,-68.77,-76.51,6.933
p1,1764326013.9599,-7.201,-65.02,-77.05,11.75
p1,1764326013.9614,2.66,-65.47,-75.7,9.797
p1,1764326014.0149,1.964,-68.7,-76.86,7.433
p1,1764326014.0557,-6.864,-69.74,-76.77,6.066
p1,1764326014.1169,2.261,-64.21,-76.1,11.59
p1,1764326014.1184,6.021,-63.83,-76.84,12.79
p1,1764326014.1962,-3.916,-66.3,-74.86,7.908
p1,1764326014.1969,3.724,-67.2,-75.68,7.811
p1,1764326014.2162,4.275,-67.89,-75.52,6.809
p1,1764326014.2167,-6.313,-68.27,-76.33,7.328
p1,1764326014.2334,1.826,-67.39,-75.78,7.714
p1,1764326014.2354,-4.334,-67.61,-75.87,7.558
p1,1764326014.2787,-5.967,-66.16,-73.39,6.321
p1,1764326014.2819,1.938,-65.4,-73.21,7.015
p1,1764326014.2827,-7.069,-66.16,-73.35,6.269
p1,1764326014.3004,-3.506,-60.15,-75.82,15.56
p1,1764326014.3234,3.438,-63.48,-74.08,10.2
p1,1764326014.3244,4.349,-63.49,-75.34,11.55
p1,1764326014.3407,-7.94,-68,-76.01,7.266
p1,1764326014.4017,4.576,-68.07,-77.4,8.783
p1,1764326014.4029,3.538,-67.26,-76.9,9.137
p1,1764326014.4647,7.926,-70.91,-78.39,6.626
p1,1764326014.5009,-4.662,-69.54,-76.68,6.199
p1,1764326014.5022,-7.227,-70.39,-77.65,6.362
p1,1764326014.5464,1.813,-62.87,-75.83,12.73
p1,1764326014.5469,3.911,-63.4,-76.18,12.54
p1,1764326014.5879,-5.534,-66.35,-75.55,8.641
p1,1764326014.7010,-7.635,-69.58,-77.21,6.801
p1,1764326014.9870,7.001,-68.38,-75.94,6.714
p1,1764326015.0555,3.865,-69,-76.05,6.096
p1,1764326015.0574,4.594,-69.25,-76.5,6.348
p1,1764326015.2305,1.899,-68.47,-76.14,6.855
p1,1764326015.2320,-5.756,-69.01,-77.12,7.373
p1,1764326015.2904,-3.161,-66.96,-75.93,8.378
p1,1764326015.3722,5.827,-65.04,-76.65,11.3
p1,1764326015.3729,5.678,-66.21,-76.62,10
p1,1764326015.5240,7.457,-68.06,-76.77,8.083
p1,1764326015.5242,1.904,-67,-76.21,8.657
p1,1764326015.5772,-5.479,-68.63,-77.74,8.535
p1,1764326015.5777,-5.658,-68.68,-76.4,6.925
p1,1764326015.6972,1.792,-68.41,-75.69,6.384
p1,1764326015.6975,-5.244,-68.99,-76.9,7.142
p1,1764326015.7152,2.799,-68.93,-76.71,6.992
p1,1764326015.7590,-3.61,-69.4,-76.39,6.024
p1,1764326015.8872,-3.967,-67.76,-76.83,8.499
p1,1764326015.8875,-3.944,-68.28,-77.82,9.031
p1,1764326016.0062,-2.719,-69.2,-76.37,6.245
p1,1764326016.0072,6.299,-69.75,-77.47,6.919
p1,1764326016.3979,-4.695,-66.29,-73.95,6.844
p1,1764326016.3997,-6.697,-66.31,-74.74,7.755
p1,1764326016.5497,6.448,-70.43,-77.51,6.128
p1,1764326016.7907,-5.522,-69.45,-77.91,7.786
p1,1764326016.9932,-3.93,-67.13,-77.9,10.39
p1,1764326017.0289,6.713,-68.82,-76.67,7.074
p1,1764326017.0294,1.939,-69.08,-76.27,6.26
p1,1764326017.1127,-3.562,-66.67,-73.81,6.199
p1,1764326017.2142,-5.499,-67.8,-76.77,8.382
p1,1764326017.2149,-5.736,-67.73,-78.18,10.03
p1,1764326017.4625,4.733,-69.81,-77.46,6.833
p1,1764326017.4685,3.483,-64.61,-74.6,9.538
p1,1764326017.4905,3.478,-64.51,-75.45,10.57
p1,1764326017.6077,3.481,-64.58,-76.22,11.33
p1,1764326017.6805,-4.95,-68.36,-76.33,7.221
p1,1764326017.6807,6.648,-68.55,-77.54,8.405
p1,1764326017.7394,3.486,-64.68,-76.32,11.34
p1,1764326017.8904,6.232,-69.97,-77.61,6.821
p1,1764326018.2277,3.852,-69.79,-76.87,6.132
p1,1764326018.2292,4.367,-70.78,-78.58,7.01
p1,1764326018.4615,6.287,-69.57,-77.44,7.104
p1,1764326018.5864,-3.502,-68.38,-76.92,7.886
p1,1764326018.5874,-3.077,-67.68,-75.69,7.262
p1,1764326019.1152,3.819,-66.2,-77.48,10.93
p1,1764326019.1165,1.794,-65.84,-76.29,10.04
p1,1764326019.2417,5.48,-70.85,-78.1,6.341
p1,1764326019.8592,6.387,-70.76,-78.54,6.988
C,1764326020.005,4,0
p1,1764326020.1974,1.88,-67.18,-75.92,8.115
p1,1764326020.1979,-6.845,-67.64,-76.84,8.64
p1,1764326020.3097,7.813,-70.02,-77.58,6.721
p1,1764326021.2982,6.03,-68.89,-78.75,9.392
p1,1764326021.3170,-5.039,-69.48,-76.78,6.399
p1,1764326021.7689,2.104,-68.1,-78.1,9.534
p1,1764326021.8497,2.131,-68.97,-76.92,7.192
p1,1764326022.1829,-5.973,-70.84,-78.19,6.456
p1,1764326022.7442,6.537,-71.48,-79.12,6.817
p1,1764326027.5680,3.482,-64.27,-77,12.5
p1,1764326027.5899,3.492,-64.64,-77.35,12.47
p1,1764326027.7072,3.478,-64.36,-76.84,12.22
p1,1764326027.8389,3.481,-63.96,-77.31,13.14
p1,1764326037.6674,3.491,-64.22,-77.54,13.11
p1,1764326037.6894,3.483,-64.54,-77.01,12.22
p1,1764326037.8064,3.485,-64.27,-77.41,12.92
p1,1764326037.9384,3.485,-64.17,-77.77,13.4
G,1764326038,13.069046667,-16.747476667,12.1
p1,1764326047.7667,3.481,-64.69,-77.27,12.33
p1,1764326047.7887,3.479,-64.29,-77.39,12.88
p1,1764326047.9059,3.492,-64.23,-77.57,13.14
p1,1764326048.0377,3.487,-64.13,-77.29,12.94
