port, timestamp,snr,signal,noise,ms
C,1764435306.926,1,0
C,1764435306.993,1,20152404
G,1764435366,13.109185,-16.764101667,67.5
C,1764435406.934,4,0
G,1764435426,13.10914,-16.764053333,68
p1,1764435440.3189,4.645,-40.04,-47.19,6.217
p1,1764435440.3409,3.493,-30.49,-67.96,37.47
p1,1764435440.4582,3.489,-30.59,-61.11,30.52
p1,1764435440.5899,3.488,-30.48,-69.8,39.32
p1,1764435450.4184,3.449,-29,-63.84,34.83
p1,1764435450.4404,3.452,-29.07,-59.13,30.06
p1,1764435450.5574,3.446,-29.08,-59.16,30.07
p1,1764435450.6894,3.45,-29.09,-61.14,32.04
p1,1764435460.5179,3.308,-25.54,-53.31,27.76
p1,1764435460.5396,3.315,-28.23,-58.42,30.19
p1,1764435460.6569,3.315,-25.9,-63.32,37.41
p1,1764435460.7886,3.44,-28.17,-56.38,28.2
p1,1764435470.6172,3.426,-21.89,-54.25,32.36
p1,1764435470.6392,3.431,-21.85,-57.81,35.96
p1,1764435470.7564,3.429,-21.86,-59.84,37.98
p1,1764435470.8882,3.428,-21.88,-56.81,34.92
p1,1764435480.7167,3.398,-12.94,-53.14,40.19
p1,1764435480.7387,3.389,-12.9,-52.79,39.88
p1,1764435480.8559,3.393,-12.64,-42.65,30.01
p1,1764435480.9877,3.387,-12.73,-52.9,40.17
G,1764435486,13.109166667,-16.764118333,69.6
p1,1764435490.8162,3.367,-14.86,-50.22,35.37
p1,1764435490.8382,3.387,-14.86,-47.38,32.51
p1,1764435490.9552,3.373,-14.88,-42.9,28.02
p1,1764435491.0872,3.384,-14.67,-47.3,32.62
p1,1764435500.9157,3.319,-17.51,-47.7,30.18
p1,1764435500.9377,3.335,-17.47,-44.9,27.42
p1,1764435501.0547,3.321,-16.93,-52.01,35.08
p1,1764435501.1867,3.321,-16.38,-44.62,28.23
p1,1764435511.0149,3.446,-19.15,-47.63,28.47
p1,1764435511.0369,3.45,-19.06,-51.78,32.72
p1,1764435511.1542,3.444,-20.09,-60.09,40
p1,1764435511.2859,3.387,-20.92,-51.35,30.43
p1,1764435521.1144,3.408,-26.63,-61.65,35.02
p1,1764435521.1364,3.413,-26.59,-64.25,37.66
p1,1764435521.2536,3.413,-26.58,-62.14,35.56
p1,1764435521.3854,3.411,-26.74,-64.5,37.77
p1,1764435531.2139,3.421,-21.91,-61.89,39.98
p1,1764435531.2359,3.426,-21.88,-59.75,37.87
p1,1764435531.3531,3.423,-21.91,-52.22,30.31
p1,1764435531.4849,3.423,-24.19,-63.54,39.35
p1,1764435541.3134,3.429,-27.75,-62.43,34.68
p1,1764435541.3354,3.434,-27.76,-60.38,32.61
p1,1764435541.4524,3.428,-27.8,-56.16,28.35
p1,1764435541.5844,3.432,-27.66,-59.91,32.25
G,1764435546,13.109175,-16.76409,69.7
p1,1764435551.4129,3.436,-28.81,-58.86,30.04
p1,1764435551.4346,3.435,-28.81,-56.83,28.01
p1,1764435551.5519,3.465,-23.24,-60.41,37.17
p1,1764435551.6839,3.438,-14.43,-42.4,27.96
p1,1764435561.5121,3.439,-26.87,-57.06,30.19
p1,1764435561.5341,3.444,-26.86,-59.34,32.48
p1,1764435561.6514,3.443,-26.85,-66.55,39.71
p1,1764435561.7831,3.442,-26.84,-59.21,32.36
p1,1764435571.6116,3.445,-25.89,-63.63,37.75
p1,1764435571.6336,3.449,-25.87,-65.66,39.79
p1,1764435571.7509,3.448,-25.91,-58.83,32.92
p1,1764435571.8826,3.447,-25.88,-65.85,39.97
p1,1764435581.7111,3.45,-25.43,-63.19,37.75
p1,1764435581.7331,3.454,-25.46,-60.74,35.28
p1,1764435581.8504,3.453,-25.57,-53.59,28.01
p1,1764435581.9821,3.452,-25.5,-60.47,34.97
p1,1764435591.8106,3.455,-25.94,-57.08,31.13
p1,1764435591.8326,3.458,-26,-54.32,28.32
p1,1764435591.9496,3.454,-25.93,-58.31,32.38
p1,1764435592.0816,3.456,-25.97,-54.79,28.82
p1,1764435601.9099,3.455,-25.97,-54.24,28.26
p1,1764435601.9319,3.458,-25.91,-58.38,32.47
p1,1764435602.0491,3.458,-25.85,-65.67,39.82
p1,1764435602.1809,3.456,-25.94,-56.16,30.22
G,1764435606,13.109155,-16.764053333,69.3
p1,1764435612.0094,3.459,-25.85,-60.73,34.88
p1,1764435612.0314,3.462,-25.82,-65.27,39.45
p1,1764435612.1486,3.462,-25.85,-61.02,35.17
p1,1764435612.2803,3.46,-25.82,-63.21,37.38
p1,1764435622.1088,3.463,-25.83,-65.36,39.53
p1,1764435622.1308,3.466,-25.85,-60.66,34.82
p1,1764435622.2481,3.465,-25.95,-54.39,28.44
p1,1764435622.3799,3.464,-25.83,-63.31,37.47
C,1764435627.006,5,0
p1,1764435632.2084,3.466,-26.01,-58.49,32.47
p1,1764435632.2303,3.469,-26.06,-54.25,28.18
p1,1764435632.3473,3.464,-26.01,-58.51,32.5
p1,1764435632.4794,3.467,-26.04,-56.17,30.13
p1,1764435642.3076,3.464,-26.08,-54.22,28.13
p1,1764435642.3296,3.468,-26.01,-57.99,31.98
p1,1764435642.4468,3.467,-25.97,-65.8,39.82
p1,1764435642.5786,3.466,-26.05,-56.23,30.18
C,1764435647.006,4,0
p1,1764435652.4071,3.468,-26,-60.69,34.69
p1,1764435652.4291,3.471,-25.97,-65.78,39.81
p1,1764435652.5463,3.471,-26.01,-61.1,35.09
p1,1764435652.6781,3.469,-25.98,-63.62,37.64
p1,1764435662.5066,3.47,-20.89,-59.92,39.03
p1,1764435662.5286,3.474,-22.45,-57.33,34.88
p1,1764435662.6458,3.474,-25.85,-54.31,28.45
p1,1764435662.7776,3.472,-17.45,-53.92,36.47
G,1764435666,13.109141667,-16.76405,69.3
C,1764435666.93,5,0
p1,1764435672.6061,3.473,-10.76,-41.82,31.05
p1,1764435672.6281,3.475,-10.78,-39.18,28.4
p1,1764435672.7451,3.472,-7.141,-39.49,32.35
p1,1764435672.8771,3.475,-5.454,-34.13,28.67
p1,1764435682.7053,3.457,-9.1,-38.51,29.41
p1,1764435682.7273,3.461,-9.056,-41.49,32.43
p1,1764435682.8446,3.459,-8.868,-48.62,39.75
p1,1764435682.9763,3.458,-8.975,-40.9,31.92
C,1764435686.938,4,0
p1,1764435692.8048,3.405,-22.12,-59.72,37.59
p1,1764435692.8268,3.412,-20.2,-60.06,39.86
p1,1764435692.9441,3.397,-4.926,-37.81,32.88
p1,1764435693.0758,3.392,-14.27,-54.45,40.18
p1,1764435702.9043,3.363,-33.83,-70.26,36.43
p1,1764435702.9263,3.378,-33.6,-67.94,34.34
p1,1764435703.0433,3.385,-33.7,-60.93,27.22
p1,1764435703.0436,3.389,-36.22,-52.44,16.12
p1,1764435703.1753,3.384,-36.13,-69.93,33.8
p1,1764435713.0038,3.397,-46.76,-73.66,26.89
p1,1764435713.0258,3.407,-46.55,-72.67,26.11
p1,1764435713.1428,3.399,-46.8,-74.31,27.5
p1,1764435713.2748,3.396,-47.59,-73.14,25.54
p1,1764435723.1030,3.434,-42.94,-71.04,28.1
p1,1764435723.1250,3.436,-43.11,-73.1,29.98
p1,1764435723.1253,3.439,-45.3,-52.97,6.848
p1,1764435723.2423,3.43,-44.16,-76.45,32.29
p1,1764435723.3740,3.425,-44.31,-73.58,29.27
G,1764435726,13.109121667,-16.764056667,68.8
C,1764435726.94,5,0
p1,1764435733.2025,3.325,-39.18,-72.02,32.84
p1,1764435733.2245,3.336,-39.15,-74.81,35.66
p1,1764435733.3418,3.334,-38.99,-72.48,33.48
p1,1764435733.4735,3.332,-38.78,-73.48,34.69
p1,1764435743.3020,3.365,-23.07,-62.81,39.73
p1,1764435743.3240,3.383,-22.92,-58.87,35.95
p1,1764435743.4413,3.365,-21.58,-49.81,28.22
p1,1764435743.5730,3.356,-19.78,-57.67,37.88
C,1764435746.939,4,0
p1,1764435753.4015,3.295,-3.718,-36.24,32.52
p1,1764435753.4235,3.305,-3.759,-33.81,30.05
p1,1764435753.5405,3.293,-3.937,-34.02,30.08
p1,1764435753.6725,3.308,-4.604,-34.5,29.89
p1,1764435763.5010,3.268,-3.578,-32.03,28.44
p1,1764435763.5228,3.277,-3.544,-32.14,28.59
p1,1764435763.6400,3.27,-3.475,-41.67,38.2
p1,1764435763.7718,3.271,-3.568,-31.52,27.95
p1,1764435773.6003,3.256,-3.407,-33.5,30.09
p1,1764435773.6223,3.265,-3.371,-38.82,35.44
p1,1764435773.7395,3.259,-3.331,-42.74,39.41
p1,1764435773.8713,3.259,-3.374,-35.51,32.13
p1,1764435783.6997,3.25,-3.409,-40.17,36.76
p1,1764435783.7217,3.258,-3.402,-42.89,39.48
p1,1764435783.8390,3.252,-3.442,-37.33,33.88
p1,1764435783.9707,3.252,-3.416,-43.36,39.95
G,1764435786,13.109148333,-16.764055,68.4
C,1764435786.931,5,0
p1,1764435793.7993,3.429,-2.685,-42.29,39.6
p1,1764435793.8212,3.436,-2.687,-40.46,37.78
p1,1764435793.9385,3.435,-2.788,-30.87,28.08
p1,1764435794.0702,3.44,-2.714,-40.04,37.32
p1,1764435803.8987,3.439,-2.711,-37.54,34.83
p1,1764435803.9207,3.442,-2.809,-34.23,31.41
p1,1764435804.0377,3.438,-2.766,-32.52,29.74
p1,1764435804.1697,3.441,-2.736,-35.32,32.58
C,1764435806.939,4,0
p1,1764435813.9983,3.443,-2.747,-32.88,30.13
p1,1764435814.0200,3.442,-5.731,-30.3,24.55
p1,1764435814.0202,3.447,-2.774,-29.63,26.84
p1,1764435814.1372,3.442,-2.695,-38.21,35.51
p1,1764435814.2692,3.445,-2.766,-30.87,28.1
p1,1764435824.0975,3.426,-10.85,-39.07,28.21
p1,1764435824.1195,3.43,-10.77,-43.24,32.47
p1,1764435824.2367,3.43,-9.9,-49.92,40.01
p1,1764435824.3685,3.428,-10.18,-40.33,30.14
C,1764435826.941,5,0
p1,1764435834.1970,3.428,-12.01,-46.48,34.47
p1,1764435834.2190,3.432,-12,-49.77,37.77
p1,1764435834.3362,3.431,-11.95,-48.69,36.73
p1,1764435834.4679,3.431,-11.88,-49.27,37.39
p1,1764435841.0982,-5.807,-67.39,-75.19,7.011
p1,1764435844.2965,3.429,-11.77,-51.97,40.2
p1,1764435844.3185,3.432,-11.78,-51.69,39.91
p1,1764435844.4357,3.432,-11.86,-41.96,30.1
p1,1764435844.5675,3.43,-11.8,-51.93,40.14
G,1764435846,13.109148333,-16.764075,67.7
C,1764435846.942,4,0
p1,1764435854.3960,3.43,-10.46,-48.51,38.05
p1,1764435854.4180,3.435,-10.43,-44.55,34.12
p1,1764435854.5349,3.432,-10.54,-38.78,28.24
p1,1764435854.6670,3.436,-10.54,-45.76,35.21
p1,1764435864.4955,3.436,-11.52,-44.08,32.56
p1,1764435864.5175,3.439,-11.58,-40.65,29.06
p1,1764435864.6344,3.435,-11.7,-44.28,32.58
p1,1764435864.7665,3.439,-11.8,-42.14,30.34
p1,1764435874.5949,3.443,-11.51,-39.9,28.38
p1,1764435874.6167,3.443,-11.48,-40.37,28.89
p1,1764435874.7340,3.443,-11.4,-49.41,38.01
p1,1764435874.8657,3.441,-11.51,-39.66,28.15
p1,1764435884.6942,3.441,-11.46,-41.57,30.11
p1,1764435884.7162,3.445,-11.4,-44.95,33.55
p1,1764435884.8334,3.444,-11.39,-51.64,40.25
p1,1764435884.9652,3.442,-11.45,-43.77,32.31
C,1764435886.939,5,0
p1,1764435894.7937,3.435,-10.97,-45.94,34.97
p1,1764435894.8157,3.439,-10.94,-49.77,38.83
p1,1764435894.9329,3.44,-10.92,-46.24,35.32
p1,1764435895.0647,3.438,-10.94,-48.66,37.72
p1,1764435904.8932,3.436,-11.1,-51,39.9
p1,1764435904.9152,3.44,-11.1,-48.73,37.64
p1,1764435905.0324,3.439,-11.18,-41.54,30.35
p1,1764435905.1642,3.437,-11.25,-51.24,39.99
G,1764435906,13.109143333,-16.76408,67.2
C,1764435906.934,4,0
C,1764435907.459,4,0
p1,1764435914.9927,3.441,-10.72,-48.59,37.87
p1,1764435915.0147,3.444,-10.74,-43.13,32.39
p1,1764435915.1317,3.439,-10.78,-38.97,28.19
p1,1764435915.2637,3.442,-10.65,-45.71,35.05
p1,1764435925.0922,3.443,-10.75,-43.19,32.45
p1,1764435925.1142,3.446,-10.79,-38.94,28.15
p1,1764435925.2312,3.441,-10.75,-43.17,32.42
p1,1764435925.3632,3.444,-10.78,-41.01,30.23
p1,1764435935.1917,3.446,-11.09,-39.36,28.26
p1,1764435935.2134,3.446,-11.05,-40.66,29.61
p1,1764435935.3307,3.446,-10.95,-48.83,37.88
p1,1764435935.4624,3.444,-11.03,-39.24,28.2
p1,1764435945.2909,3.44,-10.52,-40.59,30.06
p1,1764435945.3129,3.443,-10.46,-44.86,34.4
p1,1764435945.4301,3.443,-10.43,-50.56,40.12
p1,1764435945.5619,3.441,-10.46,-42.76,32.29
C,1764435946.941,5,0
p1,1764435955.3904,3.441,-9.76,-44.65,34.89
p1,1764435955.4124,3.445,-9.72,-49,39.28
p1,1764435955.5297,3.444,-9.78,-45.01,35.23
p1,1764435955.6614,3.442,-9.765,-47.51,37.74
p1,1764435965.4899,3.444,-10.01,-50.02,40.01
p1,1764435965.5119,3.448,-10.01,-47.68,37.67
p1,1764435965.6291,3.447,-10.14,-40.53,30.39
p1,1764435965.7609,3.446,-10.34,-50.44,40.1
G,1764435966,13.109136667,-16.764098333,62.2
C,1764435966.941,4,0
p1,1764435975.5894,3.446,-10.14,-48.15,38.01
p1,1764435975.6114,3.45,-10.19,-42.66,32.46
p1,1764435975.7284,3.445,-10.35,-38.66,28.3
p1,1764435975.8604,3.448,-10.03,-45.2,35.17
p1,1764435985.6889,3.449,-10.44,-43.07,32.63
p1,1764435985.7109,3.452,-10.48,-38.99,28.5
p1,1764435985.8279,3.448,-10.44,-43.01,32.57
p1,1764435985.9599,3.45,-10.44,-40.83,30.38
p1,1764435995.7884,3.449,-10.34,-38.7,28.35
p1,1764435995.8101,3.448,-10.32,-38.79,28.46
p1,1764435995.9274,3.448,-10.24,-48.39,38.15
p1,1764435996.0591,3.446,-10.34,-38.55,28.21
p1,1764436005.8876,3.446,-10.4,-40.55,30.15
p1,1764436005.9096,3.45,-10.35,-42.97,32.62
p1,1764436006.0269,3.449,-10.31,-50.41,40.1
p1,1764436006.1586,3.447,-10.36,-42.78,32.42
p1,1764436015.9871,3.447,-10.09,-45.08,34.99
p1,1764436016.0091,3.45,-10.05,-47.77,37.72
p1,1764436016.1264,3.45,-10.08,-45.05,34.97
p1,1764436016.2581,3.449,-10.07,-47.88,37.81
p1,1764436026.0866,3.449,-10.02,-50.26,40.24
p1,1764436026.1086,3.452,-9.989,-49.93,39.94
p1,1764436026.2259,3.451,-10.05,-40.12,30.07
p1,1764436026.3576,3.45,-10.1,-50.37,40.26
G,1764436026,13.109093333,-16.764041667,61.5
p1,1764436036.1861,3.45,-9.37,-47.27,37.9
p1,1764436036.2081,3.453,-9.406,-44.62,35.22
p1,1764436036.3251,3.448,-9.709,-36.96,27.25
p1,1764436036.4571,3.451,-9.947,-45.12,35.17
p1,1764436046.2856,3.452,-10.15,-42.49,32.34
p1,1764436046.3076,3.455,-10.18,-40.55,30.37
p1,1764436046.4246,3.45,-10.15,-40.76,30.6
p1,1764436046.5566,3.454,-10.18,-40.37,30.18
p1,1764436056.3851,3.453,-9.73,-37.87,28.13
p1,1764436056.4068,3.452,-9.711,-37.96,28.24
p1,1764436056.5241,3.451,-9.674,-44.92,35.25
p1,1764436056.6558,3.45,-10.17,-38.4,28.22
p1,1764436066.4843,3.451,-10.15,-40.05,29.89
p1,1764436066.5063,3.454,-10.13,-42.46,32.32
p1,1764436066.6236,3.454,-10.07,-49.7,39.63
p1,1764436066.7553,3.453,-10.25,-42.44,32.19
p1,1764436076.5838,3.452,-9.727,-43.97,34.24
p1,1764436076.6058,3.456,-9.711,-47.56,37.85
p1,1764436076.7231,3.455,-9.749,-46.95,37.2
p1,1764436076.8548,3.453,-9.464,-46.54,37.07
p1,1764436086.6833,3.454,-9.647,-48.28,38.63
p1,1764436086.7053,3.457,-9.662,-49.93,40.26
p1,1764436086.8226,3.456,-9.724,-42.12,32.39
G,1764436086,13.109093333,-16.764028333,61.1
p1,1764436086.9543,3.455,-9.726,-49.17,39.44
p1,1764436096.7828,3.448,-10.32,-48.65,38.33
p1,1764436096.8048,3.451,-10.45,-45.75,35.29
p1,1764436096.9221,3.447,-10.9,-39.22,28.32
p1,1764436097.0538,3.446,-11.06,-46.86,35.8
p1,1764436106.8823,3.419,-18.92,-52.96,34.03
C,1764436106.945,5,0
p1,1764436106.9043,3.421,-19.18,-49.34,30.16
p1,1764436107.0213,3.417,-20.13,-50.26,30.13
p1,1764436107.1533,3.427,-20.8,-52.25,31.44
p1,1764436116.9818,3.329,-53.31,-75.9,22.56
p1,1764436117.0036,3.348,-54.21,-75.15,20.91
p1,1764436117.1208,3.357,-52.11,-76.15,24.02
p1,1764436117.2528,3.389,-49.47,-73.56,24.08
C,1764436127.004,4,0
p1,1764436127.0810,3.417,-48.75,-73.66,24.9
p1,1764436127.1031,3.425,-48.7,-75.59,26.88
p1,1764436127.2203,3.423,-48.48,-76.37,27.88
p1,1764436127.3520,3.42,-47.65,-74.58,26.92
p1,1764436137.1805,3.286,-55.57,-76.26,20.65
p1,1764436137.2025,3.28,-55.48,-76.44,20.92
p1,1764436137.3198,3.317,-60.64,-76.3,15.55
p1,1764436137.4515,3.269,-58.45,-76.79,18.28
G,1764436146,13.109081667,-16.764028333,60.7
p1,1764436147.2800,3.457,-49.03,-76,26.96
p1,1764436147.3020,3.459,-49.09,-75.59,26.48
p1,1764436147.4193,3.462,-49.57,-75.02,25.44
p1,1764436147.5510,3.459,-49.75,-76.01,26.25
p1,1764436157.3795,3.407,-47.69,-75.55,27.85
p1,1764436157.4015,3.412,-47.68,-75.22,27.53
p1,1764436157.5185,3.404,-47.7,-72.67,24.96
p1,1764436157.6505,3.411,-47.84,-75.99,28.14
C,1764436167.006,5,0
p1,1764436167.4790,3.424,-53.2,-75.66,22.44
p1,1764436167.5010,3.432,-53.12,-75.49,22.35
p1,1764436167.6180,3.43,-53.51,-76.15,22.62
p1,1764436167.7500,3.431,-54.23,-75.42,21.16
p1,1764436176.7315,4.913,-66.99,-74.13,6.21
p1,1764436177.5783,3.415,-56.67,-76.47,19.75
p1,1764436177.5785,4.632,-67.17,-77.79,10.22
p1,1764436177.6003,3.418,-56.57,-76.6,19.98
p1,1764436177.7175,3.422,-56.25,-76.22,19.93
p1,1764436177.8493,3.419,-56.17,-76.31,20.1
C,1764436187.004,4,0
p1,1764436187.6777,3.405,-52.83,-76.49,23.65
p1,1764436187.6998,3.405,-52.83,-76.06,23.21
p1,1764436187.8170,3.407,-52.73,-76.42,23.67
p1,1764436187.9488,3.406,-52.76,-76.97,24.19
p1,1764436197.7773,3.309,-63.76,-76.36,12.36
p1,1764436197.7993,3.329,-64.38,-75.96,11.26
p1,1764436197.9165,3.383,-64.82,-76.42,11.29
p1,1764436198.0483,3.315,-65.09,-77.01,11.64
G,1764436206,13.109091667,-16.764033333,60.2
C,1764436207.009,5,0
p1,1764436207.8767,3.318,-60.96,-76.15,15.06
p1,1764436207.8988,3.324,-61.57,-76.76,15.06
p1,1764436208.0158,3.392,-62.35,-75.39,12.82
p1,1764436208.1478,3.409,-63.79,-77.29,13.3
p1,1764436217.9763,3.295,-57.26,-75.14,17.81
p1,1764436217.9982,3.299,-57.65,-74.9,17.16
p1,1764436218.1152,3.304,-57.93,-75.56,17.55
p1,1764436218.2470,4.63,-68.15,-76.87,8.087
p1,1764436218.2473,3.272,-57.77,-76.1,18.26
C,1764436227.005,4,0
p1,1764436228.0757,3.29,-68.97,-77.13,7.438
p1,1764436228.0975,3.272,-69.14,-76.41,6.367
p1,1764436228.3465,3.405,-68.9,-76.55,6.828
p1,1764436238.1750,3.408,-52.52,-76.45,23.91
p1,1764436238.1970,3.424,-52.13,-76.69,24.54
p1,1764436238.3142,3.408,-52.8,-76.09,23.27
p1,1764436238.4460,3.409,-52.92,-76.91,23.97
p1,1764436248.2745,3.276,-60.8,-76.57,15.66
p1,1764436248.2965,3.316,-60.65,-77.08,16.33
p1,1764436248.4135,3.272,-60.92,-76.32,15.28
p1,1764436248.5455,3.293,-60.9,-76.68,15.66
p1,1764436258.3740,3.433,-62.14,-76.71,14.42
p1,1764436258.3960,3.444,-63.06,-77.33,14.1
p1,1764436258.5130,3.428,-60.73,-77.14,16.31
p1,1764436258.5132,-4.63,-69.87,-77.93,7.324
p1,1764436258.6450,3.426,-60.67,-76.66,15.88
G,1764436266,13.109091667,-16.764035,59.9
C,1764436267.004,5,0
p1,1764436268.4735,3.447,-48.53,-75.91,27.37
p1,1764436268.4954,3.45,-48.81,-74.15,25.32
p1,1764436268.6125,3.445,-49.81,-76.45,26.64
p1,1764436268.7445,3.444,-50.65,-75.63,24.97
p1,1764436278.5729,3.36,-47.94,-72.9,24.95
p1,1764436278.5947,3.38,-48.12,-74.23,26.1
p1,1764436278.7120,3.358,-48.58,-75.91,27.31
p1,1764436278.8437,3.361,-50.26,-74.29,24.01
C,1764436287.004,4,0
p1,1764436288.6722,3.415,-49.56,-75.64,26.07
p1,1764436288.6942,3.423,-49.51,-75.68,26.17
p1,1764436288.8114,3.464,-49.99,-75.95,25.95
p1,1764436288.9432,3.408,-48.05,-76.14,28.09
p1,1764436298.7717,3.397,-26.85,-64.31,37.46
p1,1764436298.7937,3.401,-27.01,-66.23,39.22
p1,1764436298.9109,3.395,-26.94,-59.2,32.26
p1,1764436299.0427,3.391,-27,-66.61,39.61
p1,1764436308.8712,3.367,-15.1,-54.7,39.6
p1,1764436308.8932,3.382,-14.92,-49.79,34.87
p1,1764436309.0104,3.373,-14.91,-43.21,28.3
p1,1764436309.1422,3.372,-18.73,-56.03,37.3
p1,1764436318.9707,3.363,-20.94,-53.45,32.51
p1,1764436318.9927,3.376,-20.99,-51.26,30.27
p1,1764436319.1097,3.363,-21.04,-51.06,30.01
p1,1764436319.2417,3.367,-21.01,-51.1,30.08
G,1764436326,13.109121667,-16.764028333,59.3
C,1764436327.004,5,0
p1,1764436329.0702,3.362,-20.63,-48.75,28.11
p1,1764436329.0919,3.372,-20.63,-48.73,28.1
p1,1764436329.2092,3.364,-20.51,-55.97,35.45
p1,1764436329.3409,3.363,-20.6,-48.85,28.24
p1,1764436339.1694,3.356,-20.56,-50.74,30.17
p1,1764436339.1915,3.37,-20.52,-52.76,32.24
p1,1764436339.3087,3.362,-20.49,-59.65,39.16
p1,1764436339.4404,3.36,-20.6,-53.08,32.47
C,1764436347.004,4,0
p1,1764436349.2689,3.35,-20.49,-55.42,34.94
p1,1764436349.2909,3.367,-20.45,-57.97,37.52
p1,1764436349.4082,3.358,-20.49,-55.18,34.69
p1,1764436349.5399,3.357,-20.48,-58.16,37.68
p1,1764436359.3684,3.35,-20.46,-60.25,39.8
p1,1764436359.3904,3.363,-20.44,-59.67,39.22
p1,1764436359.5077,3.356,-20.55,-50.6,30.04
p1,1764436359.6394,3.354,-20.43,-60.54,40.11
C,1764436367.005,5,0
p1,1764436369.4679,3.346,-20.21,-58.12,37.91
p1,1764436369.4899,3.358,-20.21,-53.99,33.77
p1,1764436369.6069,3.345,-20.32,-48.59,28.27
p1,1764436369.7389,3.348,-20.24,-55.37,35.13
p1,1764436379.5674,3.339,-20.24,-52.71,32.46
p1,1764436379.5894,3.353,-20.25,-49.73,29.47
p1,1764436379.7064,3.345,-20.22,-52.68,32.46
p1,1764436379.8384,3.347,-20.26,-50.5,30.23
G,1764436386,13.109123333,-16.764026667,58.8
C,1764436387.002,4,0
p1,1764436389.6669,3.333,-20.47,-48.8,28.33
p1,1764436389.6886,3.342,-20.46,-48.57,28.1
p1,1764436389.8059,3.334,-20.41,-57.88,37.46
p1,1764436389.9376,3.336,-20.55,-48.65,28.09
p1,1764436399.7662,3.283,-22.93,-53.16,30.23
p1,1764436399.7881,3.293,-22.85,-55.03,32.17
p1,1764436399.9054,3.288,-22.58,-61.82,39.24
p1,1764436400.0371,3.297,-22.19,-54.59,32.4
p1,1764436409.8656,3.323,-10.21,-45.22,35.01
p1,1764436409.8876,3.336,-10.21,-47.8,37.59
p1,1764436410.0049,3.328,-10.21,-45.89,35.68
p1,1764436410.1366,3.328,-10.2,-48.13,37.93
p1,1764436419.9651,3.342,-4.954,-44.67,39.71
p1,1764436419.9871,3.358,-4.948,-44.91,39.96
p1,1764436420.1044,3.349,-5.017,-36.22,31.2
p1,1764436420.2361,3.346,-4.948,-44.7,39.75
C,1764436427.004,5,0
p1,1764436430.0646,3.332,-18.52,-55.91,37.39
p1,1764436430.0866,3.346,-18.55,-53.7,35.15
p1,1764436430.2039,3.339,-18.56,-46.25,27.68
p1,1764436430.3356,3.337,-18.48,-53.25,34.77
p1,1764436440.1641,3.267,-20.21,-52.69,32.47
p1,1764436440.1861,3.277,-20.26,-50.49,30.22
p1,1764436440.3031,3.269,-20.43,-50.35,29.91
p1,1764436440.4351,3.267,-20.47,-50.63,30.15
p1,1764436446.7511,7.092,-68.07,-75.05,6.016
G,1764436446,13.109096667,-16.763991667,58.3
C,1764436447.004,4,0
p1,1764436450.2636,3.235,-12.82,-41.97,29.15
p1,1764436450.2854,3.244,-12.83,-41.06,28.22
p1,1764436450.4026,3.24,-12.75,-47.46,34.71
p1,1764436450.5346,3.238,-12.86,-40.13,27.26
p1,1764436460.3629,3.234,-12.89,-40.82,27.92
p1,1764436460.3848,3.241,-12.8,-44.39,31.58
p1,1764436460.5021,3.235,-12.75,-52.65,39.9
p1,1764436460.6339,3.238,-12.85,-42.79,29.94
p1,1764436470.4624,3.234,-12.69,-44.92,32.23
p1,1764436470.4843,3.24,-12.64,-47.76,35.11
p1,1764436470.6016,3.234,-12.66,-50.32,37.66
p1,1764436470.7333,3.236,-12.7,-47.47,34.78
p1,1764436480.5618,3.327,-4.069,-41.98,37.92
p1,1764436480.5838,3.34,-4.042,-43.71,39.67
p1,1764436480.7011,3.332,-4.103,-36.19,32.08
p1,1764436480.8328,3.333,-4.052,-43.95,39.9
C,1764436487.004,5,0
p1,1764436490.6613,3.33,-3.979,-43.94,39.96
p1,1764436490.6833,3.344,-3.986,-41.68,37.7
p1,1764436490.8006,3.34,-4.061,-32.78,28.71
p1,1764436490.9324,3.336,-3.98,-41.78,37.8
p1,1764436500.7608,3.444,-10.2,-45.04,34.84
p1,1764436500.7829,3.444,-10.21,-42.79,32.58
p1,1764436500.8998,3.44,-10.16,-38.53,28.36
p1,1764436501.0318,3.444,-9.972,-42.31,32.33
G,1764436506,13.109096667,-16.764,58.1
C,1764436507.004,4,0
C,1764436507.892,4,0
p1,1764436510.8603,3.45,-10.12,-40.32,30.19
p1,1764436510.8823,3.453,-10.14,-38.56,28.42
p1,1764436510.9993,3.448,-10.06,-42.89,32.83
p1,1764436511.1313,3.451,-10.15,-38.41,28.26
p1,1764436520.9596,3.458,-11,-39.37,28.36
p1,1764436520.9816,3.461,-10.97,-41.05,30.08
p1,1764436521.0988,3.461,-10.86,-50.1,39.23
p1,1764436521.2306,3.46,-10.97,-41.28,30.31
C,1764436527.005,5,0
C,1764436547.003,4,0
G,1764436566,13.109093333,-16.763995,57.9
C,1764436587.005,5,0
C,1764436607.002,4,0
