port, timestamp,snr,signal,noise,ms
C,1764759462.654,1,0
S,1764759469.214,1,frequency,150.096,0,
S,1764759469.218,1,lna_gain,1,0,
S,1764759469.223,1,rf_filter,6,0,
S,1764759469.228,1,mixer_gain,1,0,
S,1764759469.238,1,if_filter,0,0,
S,1764759469.243,1,if_gain,0,0,
S,1764759474.592,1,frequency,150.096,0,
S,1764759474.596,1,lna_gain,1,0,
S,1764759474.602,1,rf_filter,6,0,
S,1764759474.607,1,mixer_gain,1,0,
S,1764759474.613,1,if_filter,0,0,
S,1764759474.619,1,if_gain,0,0,
p1,1764759483.3241,3.406,-13.39,-51.29,37.9
p1,1764759483.3461,3.407,-13.9,-47.98,34.09
p1,1764759483.4631,3.416,-10.99,-39.13,28.14
p1,1764759483.5951,3.421,-7.622,-42.89,35.27
p1,1764759493.4236,3.43,-15.8,-46.84,31.04
p1,1764759493.4456,3.424,-16.08,-44.38,28.29
p1,1764759493.5626,3.399,-14.84,-47.06,32.22
p1,1764759493.6946,3.396,-13.19,-41.98,28.78
p1,1764759503.5231,3.378,-16.55,-44.75,28.19
p1,1764759503.5451,3.361,-17.2,-47.55,30.34
S,1764759504.652,1,frequency,150.096,0,
S,1764759504.657,1,lna_gain,1,0,
S,1764759504.662,1,rf_filter,6,0,
S,1764759504.666,1,mixer_gain,1,0,
S,1764759504.674,1,if_filter,0,0,
S,1764759504.68,1,if_gain,0,0,
G,1764759509,13.091231667,-16.768655,12
p1,1764759513.6229,3.18,-41.18,-71.29,30.1
p1,1764759513.6449,3.181,-41.05,-73.03,31.98
p1,1764759513.7622,3.171,-32.1,-69.31,37.22
p1,1764759513.8939,3.176,-29.98,-64.57,34.59
G,1764759569,13.090696667,-16.76838,11.5
C,1764759569.577,4,0
G,1764759629,13.090278333,-16.768368333,12.6
G,1764759689,13.089596667,-16.768553333,22.2
G,1764759749,13.089273333,-16.76904,17.4
G,1764759809,13.089263333,-16.76905,17.9
C,1764759850.006,5,0
G,1764759869,13.089251667,-16.76905,19
C,1764759870.006,4,0
S,1764759876.062,1,frequency,150.096,0,
S,1764759876.067,1,lna_gain,1,0,
S,1764759876.072,1,rf_filter,6,0,
S,1764759876.076,1,mixer_gain,1,0,
S,1764759876.081,1,if_filter,0,0,
S,1764759876.09,1,if_gain,0,0,
p1,1764759877.1710,3.24,-8.027,-40.15,32.12
p1,1764759877.1930,3.246,-7.055,-44.04,36.99
p1,1764759877.3103,3.241,-6.642,-44.38,37.73
p1,1764759877.4420,3.244,-6.619,-41.33,34.71
S,1764759886.116,1,frequency,150.096,0,
S,1764759886.121,1,lna_gain,1,0,
S,1764759886.125,1,rf_filter,6,0,
S,1764759886.13,1,mixer_gain,1,0,
S,1764759886.14,1,if_filter,0,0,
S,1764759886.145,1,if_gain,0,0,
p1,1764759887.2704,3.223,-9.891,-38.24,28.34
p1,1764759887.2924,3.225,-10.55,-42.97,32.41
p1,1764759887.4097,3.241,-6.761,-46.41,39.65
p1,1764759887.5414,3.234,-6.558,-36.98,30.42
p1,1764759897.3699,3.217,-10.97,-45.55,34.57
p1,1764759897.3919,3.223,-11.36,-48.79,37.43
p1,1764759897.5092,3.217,-12.71,-49.03,36.32
p1,1764759897.6409,3.217,-16.65,-53.88,37.23
p1,1764759907.4694,3.222,-22.82,-62.84,40.02
p1,1764759907.4914,3.228,-22.64,-62.48,39.85
p1,1764759907.6087,3.217,-22.05,-52.03,29.98
p1,1764759907.7404,3.216,-22.11,-62.09,39.98
C,1764759910.005,5,0
p1,1764759917.5689,3.213,-15.73,-53.49,37.76
p1,1764759917.5909,3.22,-15.7,-49.8,34.1
p1,1764759917.7079,3.224,-13.48,-41.46,27.98
p1,1764759917.8399,3.216,-11.56,-46.54,34.97
p1,1764759927.6684,3.2,-17.73,-50.06,32.32
p1,1764759927.6904,3.206,-17.75,-46.25,28.49
p1,1764759927.8074,3.194,-19.32,-51.75,32.43
p1,1764759927.9394,3.183,-20.26,-50.35,30.09
G,1764759929,13.089255,-16.769056667,19.1
C,1764759930.007,4,0
p1,1764759937.7679,3.209,-11.59,-39.78,28.18
p1,1764759937.7896,3.216,-11.49,-40.68,29.18
p1,1764759937.9069,3.213,-13.21,-50.84,37.64
p1,1764759938.0387,3.232,-14.16,-42.17,28
p1,1764759947.8672,3.319,-10.94,-40.97,30.02
p1,1764759947.8892,3.335,-10.82,-44.67,33.85
p1,1764759948.0064,3.361,-9.515,-49.7,40.18
p1,1764759948.1382,3.378,-7.608,-39.91,32.3
C,1764759950.005,5,0
p1,1764759957.9666,3.346,-9.095,-44.38,35.28
p1,1764759957.9886,3.36,-9.09,-49.22,40.13
p1,1764759958.1059,3.358,-8.887,-43.91,35.02
p1,1764759958.2377,3.338,-9.597,-47.54,37.95
p1,1764759968.0661,3.455,-4.054,-44.2,40.15
p1,1764759968.0882,3.457,-4.093,-42.07,37.97
p1,1764759968.2054,3.458,-4.296,-33.15,28.85
p1,1764759968.3371,3.453,-4.167,-42.01,37.84
C,1764759970.005,4,0
p1,1764759978.1656,3.269,-6.485,-41.58,35.09
p1,1764759978.1876,3.298,-5.193,-36.07,30.87
p1,1764759978.3046,3.31,-6.205,-36.38,30.17
p1,1764759978.4366,3.302,-4.979,-37.51,32.53
p1,1764759988.2651,3.483,-7.08,-36.39,29.31
p1,1764759988.2869,3.483,-7.56,-36,28.44
p1,1764759988.4042,3.471,-10.41,-45.45,35.03
p1,1764759988.5361,3.427,-8.854,-36.2,27.33
G,1764759989,13.089253333,-16.769065,20.1
p1,1764759998.3644,3.439,-37.25,-66.78,29.53
p1,1764759998.3864,3.428,-37.41,-69.13,31.72
p1,1764759998.5036,3.405,-36.97,-73.44,36.47
p1,1764759998.6354,3.398,-38.57,-69.86,31.28
p1,1764760008.4639,3.403,-40.71,-73.45,32.73
p1,1764760008.4859,3.41,-40.74,-74.46,33.72
p1,1764760008.6031,3.407,-40.83,-73.16,32.33
p1,1764760008.7349,3.405,-41.09,-74.78,33.69
C,1764760010.006,5,0
p1,1764760018.5634,3.469,-42.59,-75.69,33.1
p1,1764760018.5854,3.46,-42.3,-74.67,32.37
p1,1764760018.7026,3.433,-40.39,-69.65,29.26
p1,1764760018.8344,3.409,-41.23,-74.62,33.39
p1,1764760028.6629,3.479,-31.91,-66.62,34.71
p1,1764760028.6849,3.481,-32.16,-64.42,32.26
p1,1764760028.8019,3.479,-33.18,-62.94,29.75
p1,1764760028.9339,3.48,-33.22,-65.55,32.33
C,1764760030.005,4,0
p1,1764760038.7624,3.481,-32.1,-61.91,29.81
p1,1764760038.7841,3.485,-33.22,-61.34,28.11
p1,1764760038.7844,3.488,-36.57,-52.62,15.93
p1,1764760038.9014,3.454,-39.33,-72.22,32.89
p1,1764760039.0334,3.457,-40.02,-67.25,27.23
p1,1764760048.8616,3.451,-39.49,-68.95,29.46
p1,1764760048.8836,3.455,-39.49,-70.96,31.47
p1,1764760049.0008,3.454,-39.54,-74.65,35.12
p1,1764760049.1326,3.453,-39.69,-70.6,30.9
G,1764760049,13.089258333,-16.769066667,20.6
p1,1764760058.9611,3.462,-38.38,-72.41,34.03
p1,1764760058.9831,3.466,-38.34,-74.48,36.13
p1,1764760059.1004,3.465,-38.36,-71.85,33.48
p1,1764760059.2321,3.464,-38.33,-73.66,35.33
C,1764760063.086,4,0
p1,1764760069.0606,3.47,-38.32,-74.23,35.91
p1,1764760069.0826,3.473,-38.33,-71.18,32.85
p1,1764760069.1998,3.473,-38.4,-66.54,28.13
p1,1764760069.3316,3.472,-38.31,-72.58,34.27
C,1764760070.005,5,0
p1,1764760079.1601,3.478,-38.42,-69.71,31.29
p1,1764760079.1821,3.48,-38.47,-66.57,28.09
p1,1764760079.2991,3.476,-38.42,-69.76,31.34
p1,1764760079.4311,3.478,-38.44,-68,29.56
p1,1764760089.2593,3.48,-39.3,-66.69,27.38
p1,1764760089.2814,3.482,-39.14,-69.29,30.15
p1,1764760089.3986,3.483,-39.21,-71.28,32.06
p1,1764760089.5304,3.482,-39.3,-65.56,26.24
C,1764760090.005,4,0
p1,1764760099.3588,3.486,-40.5,-69.9,29.4
p1,1764760099.3808,3.489,-40.45,-69.84,29.39
p1,1764760099.4981,3.487,-40.39,-69.53,29.13
p1,1764760099.6298,3.485,-40.35,-69.81,29.45
p1,1764760109.4583,3.49,-46.96,-73.49,26.52
p1,1764760109.4803,3.492,-47.04,-73.19,26.14
G,1764760109,13.089283333,-16.769031667,21.1
p1,1764760109.5973,4.645,-57.72,-72.81,14.96
p1,1764760109.5976,3.49,-47.64,-71.74,24.08
p1,1764760109.7293,3.492,-48.17,-73.91,25.73
p1,1764760119.5578,3.492,-57.09,-71.69,14.45
p1,1764760119.5796,4.656,-65.94,-73.16,6.3
p1,1764760119.5798,3.5,-56.63,-71.73,14.96
p1,1764760119.6968,3.49,-54.97,-71.63,16.57
p1,1764760119.8288,3.495,-53.47,-73.78,20.27
p1,1764760129.6571,3.493,-54.4,-73.42,18.97
p1,1764760129.6791,3.496,-54.06,-73.57,19.46
p1,1764760129.7963,3.495,-53.77,-73.84,20.03
p1,1764760129.9281,3.496,-53.19,-72.56,19.32
p1,1764760139.7566,3.504,-59.02,-67.51,7.822
p1,1764760139.7786,3.492,-59.92,-67.81,7.113
p1,1764760139.8958,3.494,-59.78,-68.8,8.441
p1,1764760140.0276,3.503,-59.2,-67.26,7.318
p1,1764760149.8560,3.504,-60.38,-73.53,12.94
p1,1764760149.8780,3.502,-60.12,-73.17,12.84
p1,1764760149.9951,3.495,-60.07,-73.26,12.97
p1,1764760150.1271,3.509,-60.16,-73.06,12.68
p1,1764760159.9556,3.508,-60.12,-73.21,12.87
p1,1764760159.9776,3.507,-60.37,-73.21,12.6
p1,1764760160.0946,3.502,-59.79,-73.88,13.91
p1,1764760160.2263,3.51,-59.76,-73.18,13.21
G,1764760169,13.08938,-16.768695,20.2
p1,1764760170.0548,3.502,-59.22,-73.96,14.58
p1,1764760170.0768,3.511,-59.46,-74.12,14.51
p1,1764760170.1940,3.505,-59.47,-74.04,14.41
p1,1764760170.3258,3.507,-59.34,-74.24,14.75
p1,1764760180.1543,3.51,-62.61,-71.5,8.298
p1,1764760180.1763,3.51,-63.92,-70.94,6.059
G,1764760229,13.089513333,-16.768518333,21.3
C,1764760230.007,5,0
C,1764760250.005,4,0
p1,1764760250.8723,3.503,-66.59,-74.37,6.979
p1,1764760260.9498,3.51,-64.06,-72.89,8.22
p1,1764760260.9718,3.52,-63.99,-73.28,8.754
p1,1764760261.0890,3.537,-64.41,-73.84,8.913
p1,1764760261.2208,3.506,-65.25,-74.4,8.584
p1,1764760271.3203,3.516,-67,-74.39,6.526
p1,1764760281.1487,3.519,-63.39,-76.69,13.09
p1,1764760281.1705,3.525,-62.91,-76.02,12.89
p1,1764760281.2877,3.523,-63.35,-76.03,12.45
p1,1764760281.4195,3.525,-64.04,-76.75,12.47
G,1764760289,13.089506667,-16.768525,21
p1,1764760291.2480,3.53,-62.96,-76.55,13.4
p1,1764760291.2700,3.532,-63.48,-76.25,12.53
p1,1764760291.3872,3.522,-62.38,-75.95,13.37
p1,1764760291.5190,3.529,-62.35,-76.07,13.54
p1,1764760301.3475,3.526,-60.28,-75.78,15.38
p1,1764760301.3695,3.524,-60.44,-76.3,15.75
p1,1764760301.4867,3.529,-61.96,-77.53,15.44
p1,1764760301.6185,3.535,-62,-76.72,14.57
p1,1764760311.7178,3.515,-69.83,-76.92,6.15
p1,1764760321.5462,3.533,-59.38,-73.55,14.01
p1,1764760321.5682,3.516,-59.61,-73.7,13.91
p1,1764760321.6855,3.528,-58.97,-73.91,14.8
p1,1764760321.8172,3.526,-60.67,-73.89,13
C,1764760329.599,5,0
p1,1764760331.6457,3.524,-61.01,-74.12,12.89
p1,1764760331.6677,3.522,-61.04,-73.53,12.24
p1,1764760331.7850,3.522,-61.1,-73.09,11.71
p1,1764760331.9167,3.534,-61.78,-73.79,11.73
p1,1764760341.7452,3.537,-64.45,-73.67,8.676
p1,1764760341.7672,3.544,-64.69,-73.49,8.19
p1,1764760341.8842,3.516,-64.41,-72.44,7.293
p1,1764760342.0162,3.533,-64.23,-72.65,7.755
G,1764760349,13.089711667,-16.768311667,16
C,1764760349.604,4,0
p1,1764760361.9442,3.521,-64.34,-73.77,8.91
p1,1764760361.9660,3.527,-63.88,-72.92,8.465
p1,1764760362.0832,3.558,-65.28,-72.52,6.337
p1,1764760362.2150,3.526,-64.54,-73.51,8.384
C,1764760389.599,5,0
p1,1764760402.3417,3.541,-64.59,-75.18,10.2
p1,1764760402.3637,3.53,-64.23,-74.21,9.528
p1,1764760402.4809,3.531,-64.51,-74.42,9.446
p1,1764760402.6127,3.523,-64.59,-75.78,10.85
G,1764760409,13.089775,-16.76818,14.3
C,1764760409.604,4,0
p1,1764760412.4412,3.527,-65.23,-74.53,8.757
p1,1764760412.4632,3.519,-66.22,-75.05,8.216
p1,1764760412.5804,3.507,-66.22,-75.16,8.354
p1,1764760412.7122,3.527,-64.91,-74.82,9.439
p1,1764760422.5407,3.511,-65.6,-74.31,8.082
p1,1764760422.5627,3.522,-66.86,-74.22,6.475
p1,1764760422.6799,3.52,-66.17,-73.28,6.169
p1,1764760422.8114,3.56,-66.87,-74.39,6.676
p1,1764760432.6399,3.511,-65.95,-74.6,8.015
p1,1764760432.7792,3.53,-65.98,-74.21,7.529
p1,1764760432.9112,3.504,-66.07,-74.02,7.193
p1,1764760442.7394,3.518,-65.21,-74.65,8.921
p1,1764760442.7614,3.555,-67.01,-74.29,6.387
p1,1764760442.8787,3.523,-66.63,-75.01,7.691
p1,1764760443.0104,3.535,-66.2,-73.49,6.391
p1,1764760452.8389,3.515,-65.21,-75.01,9.322
p1,1764760452.8609,3.521,-65.45,-74.6,8.589
p1,1764760452.9782,3.526,-65.03,-75.59,10.16
p1,1764760453.1100,3.541,-64.82,-73.9,8.51
G,1764760469,13.08978,-16.768106667,13.8
p1,1764760473.0379,3.53,-63.96,-72.16,7.488
p1,1764760473.0599,3.534,-63.28,-71.89,7.963
p1,1764760473.1769,3.497,-63.62,-72.67,8.474
p1,1764760473.3087,3.525,-64.15,-72.63,7.816
p1,1764760483.1372,3.523,-64.08,-75.27,10.85
p1,1764760483.1592,3.535,-64.53,-74.94,9.995
p1,1764760483.2764,3.515,-63.53,-74.86,11
p1,1764760483.4082,3.534,-64.69,-74.17,8.966
C,1764760489.599,5,0
p1,1764760493.2367,3.517,-64.39,-74.97,10.17
p1,1764760493.2587,3.517,-63.61,-75.1,11.17
p1,1764760493.3759,3.523,-64.3,-75.04,10.36
p1,1764760493.5076,3.524,-63.63,-74.54,10.54
p1,1764760503.3362,3.535,-68.22,-77.2,8.398
p1,1764760503.3582,3.537,-68.22,-76.39,7.462
p1,1764760503.4751,3.503,-70.66,-78.03,6.48
C,1764760509.599,4,0
p1,1764760513.4356,3.53,-68.45,-77.49,8.457
p1,1764760513.4574,3.528,-67.87,-77.77,9.433
p1,1764760513.5746,3.539,-67.47,-78.53,10.7
p1,1764760513.7064,3.538,-67.62,-78.46,10.47
p1,1764760523.5349,3.52,-71.15,-79.53,7.706
p1,1764760523.6741,3.516,-70.21,-79.18,8.379
p1,1764760523.8059,3.573,-71.88,-79.08,6.286
G,1764760529,13.089743333,-16.768286667,11
p1,1764760533.6344,3.527,-69.3,-76.6,6.412
p1,1764760533.6564,3.529,-69.26,-76.33,6.13
p1,1764760533.7736,3.514,-69.25,-76.43,6.257
p1,1764760533.9054,3.539,-68.86,-76.45,6.76
C,1764760549.6,5,0
C,1764760569.592,4,0
G,1764760589,13.089855,-16.768446667,11
p1,1764760614.4298,3.54,-62.11,-71.62,8.992
p1,1764760614.4518,3.518,-62.76,-71.6,8.231
p1,1764760614.5688,3.547,-62.31,-71.72,8.877
p1,1764760614.7009,3.527,-62.54,-71.17,7.988
p1,1764760624.5291,3.526,-62.98,-74.77,11.49
p1,1764760624.5513,3.523,-62.86,-74.52,11.35
p1,1764760624.6683,3.515,-63.6,-74.52,10.55
p1,1764760624.8003,3.528,-64.04,-74.52,10.08
p1,1764760634.6286,3.512,-62.89,-73.32,10.02
p1,1764760634.6506,3.539,-62.09,-72.93,10.46
p1,1764760634.7678,3.534,-62.89,-72.99,9.652
p1,1764760634.8996,3.531,-62.52,-73.84,10.98
p1,1764760644.7281,3.509,-61.25,-73.04,11.49
p1,1764760644.7501,3.53,-61.74,-72.89,10.8
p1,1764760644.8673,3.521,-61.64,-74.26,12.37
p1,1764760644.9991,3.529,-61.1,-75.23,13.96
G,1764760649,13.089921667,-16.768536667,10.8
C,1764760649.594,5,0
p1,1764760655.0986,3.534,-66.8,-75.22,7.754
C,1764760663.536,5,0
p1,1764760664.9268,3.516,-65.06,-74.22,8.594
p1,1764760664.9491,3.535,-65.44,-74.91,8.946
p1,1764760665.0661,3.529,-66.36,-73.83,6.607
C,1764760669.602,4,0
p1,1764760675.0483,3.519,-69.11,-76.38,6.378
p1,1764760685.1258,3.532,-66.97,-75.15,7.455
p1,1764760685.1478,3.541,-66.52,-75.16,8.008
p1,1764760685.2648,3.519,-67.53,-74.62,6.152
p1,1764760685.3968,3.522,-66.48,-75.08,7.945
p1,1764760690.0701,6.096,-69.53,-77.75,7.51
G,1764760709,13.090238333,-16.768366667,15.6
C,1764760709.602,5,0
C,1764760729.604,4,0
p1,1764760730.2120,1.612,-70.23,-78.85,7.979
p1,1764760730.2128,4.348,-71.02,-80.48,8.937
C,1764760749.602,5,0
p1,1764760751.6371,4.769,-69.44,-80.77,11
G,1764760769,13.090246667,-16.768368333,15.2
C,1764760769.605,4,0
C,1764760809.602,5,0
p1,1764760824.4270,7.239,-66.29,-75.29,8.423
p1,1764760824.4275,4.747,-65.32,-73.99,8.031
G,1764760829,13.090313333,-16.768343333,14.6
C,1764760829.603,4,0
C,1764760869.606,5,0
p1,1764760887.8810,-5.5,-66.48,-77.01,10.13
p1,1764760887.8815,7.968,-66.82,-78.85,11.75
G,1764760889,13.090516667,-16.768235,17.3
C,1764760889.595,4,0
C,1764760909.597,5,0
C,1764760929.607,4,0
G,1764760949,13.090515,-16.76824,17
C,1764760969.598,5,0
C,1764760989.61,4,0
G,1764761009,13.090536667,-16.76834,15.8
C,1764761029.606,5,0
p1,1764761031.4574,-1.757,-67.41,-79.03,11.31
p1,1764761031.4577,5.276,-67.49,-80.94,13.25
p1,1764761039.8669,4.234,-64.02,-78.08,13.89
p1,1764761039.8671,4.245,-63.54,-80.15,16.51
p1,1764761040.8982,1.46,-59.29,-77.7,18.35
p1,1764761040.8987,4.717,-59.31,-80.27,20.93
C,1764761049.603,4,0
G,1764761069,13.090373333,-16.768476667,16.9
G,1764761129,13.090123333,-16.768333333,17.4
C,1764761129.6,5,0
C,1764761149.609,4,0
G,1764761189,13.0895,-16.768566667,11.1
C,1764761190.005,5,0
p1,1764761190.2366,3.538,-71.04,-78.33,6.391
p1,1764761190.3683,3.529,-69.51,-78.83,8.778
p1,1764761200.1968,3.536,-67.6,-77.5,9.431
p1,1764761200.2188,3.546,-67.99,-76.97,8.392
p1,1764761200.3361,3.52,-67.41,-76.06,8.007
p1,1764761200.4678,3.53,-68.5,-75.89,6.527
C,1764761210.004,4,0
p1,1764761220.3958,3.514,-62.38,-78.6,16.12
p1,1764761220.4176,3.522,-62.21,-78.82,16.51
p1,1764761220.5348,3.523,-62.52,-78.87,16.25
p1,1764761220.6666,5.029,-70.93,-80.48,9.038
p1,1764761220.6668,3.529,-61.69,-78.45,16.67
p1,1764761230.7661,3.534,-71.78,-78.91,6.195
p1,1764761240.5946,3.518,-63.33,-78.08,14.6
p1,1764761240.6166,3.528,-63.47,-78.39,14.77
p1,1764761240.7333,5.093,-72.83,-80.48,6.836
p1,1764761240.7338,3.521,-63.48,-78.46,14.84
p1,1764761240.8656,3.523,-63.24,-79.23,15.88
G,1764761249,13.089483333,-16.769095,9.9
C,1764761250.003,5,0
p1,1764761250.6940,3.524,-67.92,-78.67,10.36
p1,1764761250.7161,3.513,-67.97,-78.74,10.39
p1,1764761250.8331,3.518,-67.56,-78.47,10.55
p1,1764761250.9651,3.523,-66.72,-78.28,11.25
p1,1764761260.7933,3.52,-69.72,-78.79,8.497
p1,1764761260.8156,3.512,-69.78,-78.54,8.14
p1,1764761260.9326,3.513,-69.22,-79.12,9.431
p1,1764761261.0643,3.523,-69.91,-78.82,8.315
C,1764761263.979,5,0
C,1764761270.004,4,0
p1,1764761287.0145,1.979,-65.65,-75.08,8.905
p1,1764761287.0160,-6.472,-65.27,-76.35,10.72
C,1764761290.006,5,0
G,1764761309,13.0896,-16.7692,10.8
C,1764761310.005,4,0
C,1764761350.002,5,0
G,1764761369,13.089565,-16.769343333,12.6
C,1764761370.006,4,0
C,1764761390.005,5,0
G,1764761429,13.08926,-16.769066667,16
C,1764761430.002,4,0
p1,1764761432.4837,3.509,-67.62,-79.38,11.46
p1,1764761432.5057,3.516,-67.99,-79.26,10.93
p1,1764761432.6230,3.526,-67.71,-78.73,10.66
p1,1764761432.7547,3.539,-68.99,-78.69,9.212
p1,1764761442.5832,3.523,-64.05,-78.9,14.71
p1,1764761442.6052,3.518,-64.63,-78.59,13.78
p1,1764761442.7225,3.524,-66.96,-78.33,11.03
p1,1764761442.8542,3.529,-62.83,-78.84,15.9
C,1764761450.005,5,0
p1,1764761452.6827,3.52,-63.29,-78.36,14.93
p1,1764761452.7047,3.523,-63.69,-78.63,14.8
p1,1764761452.8217,3.513,-66,-78.92,12.69
p1,1764761452.9537,3.529,-68.54,-78.42,9.412
p1,1764761462.7820,3.586,-42.06,-69.76,27.69
p1,1764761462.8040,3.584,-42.13,-73.46,31.32
p1,1764761462.9212,3.49,-47.03,-78.31,31.27
p1,1764761463.0530,3.523,-35.71,-65.79,30.07
C,1764761470.004,4,0
p1,1764761472.8815,3.489,-36.66,-72.27,35.61
p1,1764761472.9035,3.492,-37.26,-75.42,38.16
p1,1764761473.0207,3.483,-38.69,-72.25,33.56
p1,1764761473.1525,3.482,-39.24,-76.57,37.33
p1,1764761482.9809,3.412,-15.05,-53.04,37.99
p1,1764761483.0029,3.416,-15.25,-49.77,34.52
p1,1764761483.1199,3.4,-16.29,-44.44,28.14
p1,1764761483.2519,3.39,-18.77,-53.91,35.14
G,1764761489,13.089265,-16.768918333,15
p1,1764761493.0804,3.447,-9.06,-39.07,30.01
p1,1764761493.1022,3.445,-8.844,-36.94,28.09
p1,1764761493.2194,3.436,-9.052,-44.07,35.01
p1,1764761493.3514,3.436,-9.896,-37.83,27.92
p1,1764761503.1797,3.414,-55.76,-78.85,23.07
p1,1764761503.2017,3.414,-56.84,-79.03,22.16
p1,1764761503.3189,3.411,-58.41,-79.14,20.7
p1,1764761503.4507,3.443,-52.32,-78.97,26.64
C,1764761510.005,5,0
p1,1764761513.2792,3.508,-3.249,-43.63,40.38
p1,1764761513.3012,3.51,-3.27,-43.72,40.45
p1,1764761513.4184,3.487,-3.632,-34.43,30.8
p1,1764761513.5502,3.459,-4.42,-44.52,40.1
p1,1764761522.7592,-7.076,-63.97,-77.52,13.35
p1,1764761522.7604,-4.326,-64.64,-76.05,11.09
p1,1764761523.3787,3.442,-25.04,-60.18,35.14
p1,1764761523.4007,3.447,-24.04,-56.39,32.35
p1,1764761523.5177,3.442,-18.29,-48.03,29.74
p1,1764761523.6497,3.447,-18.07,-50.78,32.7
C,1764761530.004,4,0
p1,1764761533.4782,3.472,-11.8,-40.26,28.46
p1,1764761533.4999,3.471,-11.95,-40.33,28.38
p1,1764761533.6172,3.458,-11.55,-49.64,38.1
p1,1764761533.7489,3.454,-15.23,-43.37,28.13
p1,1764761543.5774,3.481,-18.28,-50.69,32.41
p1,1764761543.5994,3.484,-17.86,-53.89,36.03
p1,1764761543.7167,3.489,-14.25,-52.49,38.23
p1,1764761543.8484,3.484,-17.71,-52.75,35.04
G,1764761549,13.089716667,-16.768463333,14.3
p1,1764761553.6769,3.49,-19.29,-59.31,40.02
p1,1764761553.6989,3.493,-18.6,-56.29,37.69
p1,1764761553.8162,3.491,-12.67,-43.18,30.51
p1,1764761553.9479,3.492,-9.645,-49.36,39.71
p1,1764761563.7764,3.49,-14.81,-48.27,33.46
p1,1764761563.7984,3.493,-15.77,-46.17,30.39
p1,1764761563.9154,3.492,-19.27,-49.4,30.13
p1,1764761564.0474,3.496,-15.15,-45.87,30.71
C,1764761570.005,5,0
p1,1764761573.8757,3.496,-16.92,-45.25,28.32
p1,1764761573.8977,3.499,-17.46,-47.72,30.26
p1,1764761574.0149,3.497,-12.9,-51.04,38.14
p1,1764761574.1467,3.499,-10.87,-41.31,30.43
p1,1764761583.9752,3.499,-13.45,-48.63,35.18
p1,1764761583.9972,3.5,-13.26,-51.03,37.77
p1,1764761584.1144,3.499,-17.99,-52.82,34.83
p1,1764761584.2462,3.501,-16.85,-54.91,38.06
C,1764761590.006,4,0
p1,1764761594.0747,3.504,-12.63,-52.82,40.19
p1,1764761594.0966,3.507,-12.86,-48.01,35.15
p1,1764761594.2139,3.509,-10.54,-39.12,28.57
p1,1764761594.3456,3.509,-11.73,-49.77,38.04
p1,1764761604.1741,3.503,-17.01,-48.29,31.28
p1,1764761604.1961,3.505,-16.61,-45.08,28.47
p1,1764761604.3132,3.503,-13.61,-46.05,32.43
p1,1764761604.4451,3.506,-13.68,-42.58,28.89
G,1764761609,13.09045,-16.768313333,16.7
C,1764761610.003,5,0
p1,1764761614.2734,3.503,-35,-65.16,30.15
p1,1764761614.2954,3.505,-34.66,-66.97,32.31
p1,1764761614.4126,3.508,-31.56,-70.62,39.06
p1,1764761614.5444,3.508,-28,-60.46,32.45
p1,1764761624.3729,3.517,-32.41,-69.76,37.36
p1,1764761624.3949,3.516,-34.33,-73.02,38.69
p1,1764761624.5121,3.516,-31.2,-63.64,32.44
p1,1764761624.6439,3.518,-30.81,-70.3,39.49
C,1764761630.004,4,0
p1,1764761634.4724,3.457,-29.08,-66.41,37.33
p1,1764761634.4944,3.462,-29.92,-62.17,32.25
p1,1764761634.6114,3.458,-44.68,-72.1,27.41
p1,1764761634.7434,3.462,-47.42,-77.31,29.88
p1,1764761644.5719,3.451,-46.43,-73.49,27.05
p1,1764761644.5936,3.452,-45.19,-72.31,27.11
p1,1764761644.7109,3.452,-51.35,-78.49,27.13
p1,1764761644.8426,3.447,-38.54,-66.01,27.47
p1,1764761654.6711,3.455,-38.76,-70.45,31.69
p1,1764761654.6931,3.46,-36.31,-70.39,34.07
p1,1764761654.8104,3.461,-32.39,-69.42,37.03
p1,1764761654.9421,3.464,-29.88,-64.87,34.98
p1,1764761664.7706,3.43,-31.54,-70.73,39.19
p1,1764761664.7926,3.434,-33,-70.81,37.81
p1,1764761664.9099,3.437,-47.49,-74.89,27.4
p1,1764761665.0416,3.436,-45.18,-78.68,33.5
G,1764761669,13.091023333,-16.768583333,9.5
C,1764761670.004,5,0
p1,1764761674.8701,3.425,-44.7,-76.95,32.25
p1,1764761674.8921,3.429,-46.16,-74.69,28.53
p1,1764761675.0091,3.427,-45.05,-73.7,28.65
p1,1764761675.1411,3.417,-47.36,-76.71,29.34
p1,1764761684.9696,3.417,-30.74,-58.23,27.48
p1,1764761684.9914,3.419,-30.06,-60.33,30.26
p1,1764761685.1086,3.417,-27.9,-65.23,37.34
p1,1764761685.2404,3.412,-34.07,-62.64,28.57
C,1764761690.004,4,0
p1,1764761695.0689,3.405,-30.55,-63.69,33.13
p1,1764761695.0909,3.412,-32.55,-70.14,37.59
p1,1764761695.2081,3.412,-47.63,-78.25,30.61
p1,1764761695.3398,3.408,-44.09,-77.38,33.3
p1,1764761705.1683,3.412,-43.64,-77.41,33.76
p1,1764761705.1903,3.416,-45.47,-77.34,31.86
p1,1764761705.3076,3.413,-38.26,-67.76,29.49
p1,1764761705.4394,3.41,-31.79,-68.96,37.17
C,1764761710.004,5,0
p1,1764761715.2679,3.397,-38.53,-70.5,31.97
p1,1764761715.2899,3.405,-35.73,-66.01,30.28
p1,1764761715.4068,3.403,-32.65,-62.6,29.95
p1,1764761715.5388,3.403,-30.67,-60.71,30.03
p1,1764761725.3671,3.446,-32.31,-60.04,27.72
p1,1764761725.3673,3.45,-35.31,-52.29,16.89
p1,1764761725.3891,3.448,-32.34,-62.38,30.04
p1,1764761725.5064,3.472,-44.75,-77.75,33
p1,1764761725.6381,3.506,-48.2,-75.63,27.42
G,1764761729,13.091726667,-16.768805,14.9
p1,1764761735.4666,3.446,-24.37,-58.55,34.18
p1,1764761735.4886,3.45,-22.85,-60.56,37.7
p1,1764761735.6058,3.447,-22.14,-59.17,37.02
p1,1764761735.7376,3.447,-22.2,-59.42,37.23
p1,1764761745.5661,3.505,-45.3,-78.14,32.84
p1,1764761745.5881,3.504,-44.63,-77.36,32.73
p1,1764761745.7053,3.5,-47.72,-75.33,27.6
p1,1764761745.8371,3.475,-46.76,-77.96,31.19
C,1764761750.005,4,0
p1,1764761755.6656,3.477,-45.7,-75.45,29.74
p1,1764761755.6876,3.476,-44.66,-73.81,29.15
p1,1764761755.8046,3.473,-39.33,-69.51,30.17
p1,1764761755.9366,3.478,-36.98,-67.05,30.06
p1,1764761765.7648,3.483,-25.39,-53.77,28.37
p1,1764761765.7868,3.485,-25.37,-55.63,30.25
p1,1764761765.9041,3.485,-25.32,-63.71,38.39
p1,1764761766.0358,3.484,-25.45,-55.88,30.43
C,1764761770.005,5,0
p1,1764761775.8643,3.489,-38.22,-72.53,34.31
p1,1764761775.8863,3.491,-37.99,-74.02,36.03
p1,1764761776.0036,3.497,-36.96,-72.15,35.19
p1,1764761776.1353,3.498,-36.23,-73.42,37.19
