port, timestamp,snr,signal,noise,ms
G,1764152522,13.079493333,-16.770063333,16.3
p1,1764152558.2472,4.898,-29.95,-36.95,6.033
p1,1764152558.2693,3.525,-20.88,-56.23,35.36
p1,1764152558.3865,3.521,-20.99,-49.41,28.41
p1,1764152558.5182,3.52,-20.92,-56.23,35.3
p1,1764152564.3810,4.758,-66.9,-79.98,12.86
p1,1764152568.3368,3.475,-30.99,-61.25,30.25
p1,1764152568.3585,3.475,-34.52,-52.26,17.67
p1,1764152568.3588,3.478,-31.29,-59.31,28.01
p1,1764152568.4756,3.474,-32.46,-67.29,34.83
p1,1764152568.6074,3.487,-58.15,-79.04,20.86
p1,1764152573.1912,4.815,-63.24,-78.62,15.26
p1,1764152573.1915,4.783,-63.4,-77.12,13.53
p1,1764152578.4203,3.476,-25.57,-55.69,30.11
p1,1764152578.4423,3.479,-17.43,-52.53,35.1
p1,1764152578.5593,3.474,-24.83,-65.34,40.51
p1,1764152578.6909,3.478,-17.56,-50.08,32.52
G,1764152582,13.07949,-16.770045,19.6
p1,1764152588.5040,3.481,-15.07,-54.86,39.79
p1,1764152588.5260,3.484,-15.12,-55.5,40.38
p1,1764152588.6430,3.484,-15.37,-46.72,31.35
p1,1764152588.7746,3.483,-15.79,-55.84,40.06
p1,1764152598.5429,3.486,-20.9,-56.17,35.27
p1,1764152598.5649,3.488,-20.7,-52.53,31.83
p1,1764152598.6819,3.485,-20.01,-50.37,30.35
p1,1764152598.8139,3.487,-19.45,-52.16,32.71
C,1764152603.004,4,0
p1,1764152605.8014,5.369,-70.11,-78.34,7.52
p1,1764152605.8024,-5.607,-70.05,-77.41,6.478
p1,1764152608.3666,-6.798,-71.5,-79.06,6.729
p1,1764152608.6424,3.505,-9.482,-37.59,28.1
p1,1764152608.6641,3.505,-9.507,-39.82,30.3
p1,1764152608.7814,3.504,-9.665,-47.59,37.92
p1,1764152608.9131,3.504,-9.521,-37.89,28.36
p1,1764152618.7416,3.46,-3.805,-38.79,34.99
p1,1764152618.7636,3.46,-3.785,-41.55,37.77
p1,1764152618.8809,3.452,-3.966,-39.76,35.79
p1,1764152619.0126,3.515,-3.486,-41.89,38.41
p1,1764152628.8411,3.477,-12.23,-52.44,40.21
p1,1764152628.8631,3.479,-12.24,-48.05,35.81
p1,1764152628.9803,3.479,-12.67,-41.15,28.47
p1,1764152629.1121,3.481,-14.33,-52.55,38.22
p1,1764152637.9691,-4.403,-67.53,-74.67,6.208
p1,1764152638.9406,3.474,-10.36,-40.97,30.61
p1,1764152638.9626,3.478,-10.96,-39.42,28.45
p1,1764152639.0796,3.473,-10.14,-42.58,32.44
p1,1764152639.2116,3.476,-8.606,-37.13,28.52
p1,1764152641.3671,-2.256,-68.85,-76.87,7.267
G,1764152642,13.079485,-16.770051667,22
p1,1764152644.7121,-3.113,-64.64,-71.66,6.058
p1,1764152644.7374,4.75,-70.74,-78.21,6.617
p1,1764152646.0091,2.429,-65.31,-73.12,7.028
p1,1764152649.0398,3.497,-2.643,-32.91,30.27
p1,1764152649.0618,3.5,-2.629,-35.44,32.81
p1,1764152649.1791,3.5,-2.573,-41.99,39.41
p1,1764152649.3108,3.498,-2.735,-35.3,32.57
p1,1764152651.6496,-1.958,-63.56,-70.62,6.108
p1,1764152654.2203,-5.819,-70.71,-77.71,6.026
p1,1764152657.0253,-2.524,-71.81,-78.87,6.107
p1,1764152659.1395,3.474,-4.164,-41.99,37.83
p1,1764152659.1615,3.477,-3.955,-43.51,39.55
p1,1764152659.2788,3.477,-10.61,-45.39,34.77
p1,1764152659.4105,3.476,-3.593,-43.74,40.15
p1,1764152667.6501,-4.717,-69.19,-78.93,9.243
p1,1764152669.2389,3.479,-4.42,-41.82,37.4
p1,1764152669.2609,3.482,-4.194,-36.62,32.42
p1,1764152669.3779,3.477,-3.586,-31.82,28.23
p1,1764152669.5099,3.481,-4.266,-38.5,34.23
p1,1764152669.8324,-2.685,-63.39,-72.32,8.344
p1,1764152669.8331,-4.675,-64.93,-72.67,6.943
p1,1764152669.8839,-5.494,-65.65,-72.94,6.391
p1,1764152672.0186,-7.196,-68.04,-75.05,6.035
p1,1764152674.2281,5.771,-64.39,-72.72,7.636
p1,1764152674.2286,2.651,-63.59,-71.67,7.347
p1,1764152674.2549,-4.751,-65.47,-72.59,6.184
p1,1764152674.2671,6.198,-65.99,-73.05,6.113
p1,1764152675.4064,-5.807,-65.27,-77.97,12.45
p1,1764152675.4066,-5.086,-65.62,-77.23,11.3
p1,1764152676.3624,-4.736,-66.04,-74.69,8.021
p1,1764152676.3636,-5.035,-65.27,-73.6,7.64
p1,1764152676.4939,-5.429,-69.49,-78.67,8.622
p1,1764152676.4941,-3.08,-67.62,-78.16,10.14
p1,1764152679.3384,3.483,-9.358,-38.54,29.18
p1,1764152679.3601,3.482,-9.479,-37.96,28.48
p1,1764152679.4774,3.481,-10.01,-45.03,35.02
p1,1764152679.6091,3.48,-11.59,-38.68,27.08
p1,1764152679.6094,-4.638,-21.85,-41.78,19.89
p1,1764152684.3421,-5.193,-64.19,-73.57,8.851
p1,1764152684.3424,-5.479,-63.52,-73.76,9.808
p1,1764152688.2776,-4.354,-69.13,-77.97,8.229
p1,1764152688.2778,-4.371,-70.23,-79.44,8.656
p1,1764152689.4376,3.489,-2.449,-33.49,31.04
p1,1764152689.4596,3.492,-2.418,-37.95,35.53
p1,1764152689.5769,3.492,-2.406,-42.24,39.83
p1,1764152689.7086,3.491,-2.491,-36.43,33.93
p1,1764152690.4429,6.802,-68.2,-77.18,8.39
p1,1764152690.4446,3.296,-67.53,-75.63,7.358
p1,1764152699.1876,6.507,-68.66,-75.75,6.144
p1,1764152699.5371,3.489,-7.441,-47.09,39.65
p1,1764152699.5591,3.498,-7.035,-48.68,41.64
p1,1764152699.6764,3.499,-6.577,-38.26,31.68
p1,1764152699.8084,3.481,-12.53,-60.24,47.71
p1,1764152701.7859,-5.918,-70.02,-77.34,6.428
p1,1764152701.9991,-6.723,-66.83,-78.08,10.91
G,1764152702,13.079315,-16.769731667,21.8
p1,1764152705.7251,5.797,-69.07,-78.36,8.748
p1,1764152705.7254,5.569,-70,-77.66,6.834
p1,1764152708.7264,-2.877,-63.65,-72.16,7.848
p1,1764152709.3101,5.63,-68.28,-75.92,6.819
p1,1764152709.6366,3.497,-8.166,-43.3,35.13
p1,1764152709.6586,3.499,-7.388,-40.16,32.77
p1,1764152709.7756,3.495,-9.108,-37.87,28.75
p1,1764152709.9076,3.499,-9.606,-42.45,32.84
p1,1764152712.9891,-3.071,-69.87,-77.81,7.18
p1,1764152712.9894,6.505,-70.24,-79.23,8.4
p1,1764152719.2776,5.262,-69.29,-78.13,8.239
p1,1764152719.7361,3.483,-2.75,-31.38,28.63
p1,1764152719.7579,3.483,-2.727,-31.04,28.3
p1,1764152719.8751,3.485,-2.65,-38.65,36
p1,1764152720.0069,3.484,-2.819,-31.33,28.5
p1,1764152729.8354,3.489,-2.577,-35.66,33.08
p1,1764152729.8574,3.492,-2.574,-38.02,35.45
p1,1764152729.9746,3.503,-2.501,-39.68,37.18
p1,1764152730.1064,3.515,-2.501,-37.57,35.07
p1,1764152739.9349,3.484,-2.394,-42.87,40.47
p1,1764152739.9568,3.487,-2.331,-40.21,37.88
p1,1764152740.0741,3.504,-2.314,-33.01,30.69
p1,1764152740.2059,3.506,-2.233,-42.35,40.12
p1,1764152748.6228,5.471,-65.82,-74.99,8.612
p1,1764152750.0343,3.459,-2.347,-36.41,34.06
p1,1764152750.0563,3.465,-2.373,-32.27,29.89
p1,1764152750.1734,3.466,-2.381,-30.94,28.55
p1,1764152750.3053,3.447,-2.426,-34.06,31.63
p1,1764152760.1338,3.471,-2.429,-30.35,27.91
p1,1764152760.1556,3.459,-2.431,-31.99,29.55
p1,1764152760.2728,3.438,-2.407,-40.48,38.07
p1,1764152760.4046,3.435,-2.503,-29.87,27.36
p1,1764152760.4049,4.634,-13.25,-32.63,19.33
G,1764152762,13.078991667,-16.769655,20.4
p1,1764152770.2331,3.442,-30.29,-62.33,32.04
p1,1764152770.2551,3.446,-29.93,-66.58,36.65
p1,1764152770.3723,3.444,-28.9,-66.76,37.85
p1,1764152770.5041,3.443,-27.95,-62.75,34.8
p1,1764152780.3326,3.454,-49.59,-72.89,23.27
p1,1764152780.3546,3.461,-48.8,-72.47,23.65
p1,1764152780.4718,3.459,-46.37,-70.57,24.18
p1,1764152780.6036,3.457,-47.81,-74.43,26.61
p1,1764152790.4321,3.46,-54.48,-74.07,19.55
p1,1764152790.4541,3.464,-54.54,-74.11,19.52
p1,1764152790.5711,3.456,-54.41,-73.86,19.4
p1,1764152790.7031,3.463,-52.73,-72.01,19.23
p1,1764152795.9808,7.723,-62.1,-74.86,12.52
p1,1764152799.9413,6.338,-50.98,-77.49,26.49
p1,1764152799.9433,3.91,-50.96,-76.92,25.95
p1,1764152800.5316,3.47,-42.85,-69.99,27.13
p1,1764152800.5533,3.471,-42.73,-71.15,28.41
p1,1764152800.6706,3.468,-42.66,-75.86,33.2
p1,1764152800.8023,3.468,-42.37,-69.8,27.42
p1,1764152810.6308,3.47,-53.22,-76.59,23.35
p1,1764152810.6528,3.47,-54.07,-76.8,22.7
p1,1764152810.7701,3.472,-56.22,-76.14,19.87
p1,1764152810.9018,3.471,-56.36,-74.82,18.4
p1,1764152820.7303,3.476,-52.58,-76.94,24.35
p1,1764152820.7523,3.475,-53.21,-76.76,23.54
p1,1764152820.8695,3.48,-54.48,-75.89,21.38
p1,1764152821.0013,3.474,-56.6,-75.23,18.57
G,1764152822,13.078991667,-16.7695,17.5
p1,1764152830.8298,3.479,-53.67,-75.02,21.31
p1,1764152830.8518,3.48,-53.75,-73.94,20.15
p1,1764152830.9688,3.477,-53.67,-74.82,21.12
p1,1764152831.1008,3.479,-53.66,-74.15,20.45
p1,1764152840.9293,3.481,-64.49,-76.45,11.67
p1,1764152840.9511,3.484,-63.79,-75.39,11.3
p1,1764152841.0683,3.485,-65.1,-75.43,9.907
p1,1764152841.2000,3.471,-65.78,-74.5,8.084
p1,1764152861.1281,3.481,-68.08,-75.26,6.255
p1,1764152871.2273,3.5,-65.68,-74.58,8.301
p1,1764152871.2495,3.484,-64.58,-73.97,8.859
p1,1764152871.3665,3.491,-65.23,-73.67,7.77
p1,1764152871.4985,3.47,-64.71,-73.77,8.481
p1,1764152881.3270,3.487,-64.98,-74.46,8.955
p1,1764152881.3488,3.48,-65.41,-74.51,8.527
p1,1764152881.5978,3.477,-65.92,-75.46,9.029
G,1764152882,13.079153333,-16.76922,12.6
C,1764152882.848,5,0
p1,1764152891.4262,3.497,-65.82,-73.92,7.364
p1,1764152891.4482,3.502,-64.21,-74.32,9.659
p1,1764152891.5655,3.485,-65.28,-73.75,7.805
p1,1764152891.6973,3.496,-65.55,-73.73,7.464
p1,1764152901.5257,3.489,-63.64,-74.53,10.51
p1,1764152901.5478,3.493,-62.71,-74.59,11.58
p1,1764152901.6650,3.494,-63.45,-74.21,10.38
p1,1764152901.7968,3.488,-63.21,-74.41,10.85
C,1764152902.85,4,0
p1,1764152911.6253,3.489,-61.7,-73.8,11.82
p1,1764152911.6473,3.485,-61.57,-73.82,11.99
p1,1764152911.7642,3.502,-61.78,-73.65,11.57
p1,1764152911.8963,3.478,-62.43,-74.37,11.65
C,1764152922.849,5,0
G,1764152942,13.07908,-16.769063333,11.4
C,1764152942.841,4,0
C,1764152982.85,5,0
p1,1764152992.4207,3.492,-70.88,-78.29,6.539
p1,1764152992.4427,3.508,-70.49,-78.1,6.784
p1,1764152992.5599,3.505,-69.8,-78.23,7.765
p1,1764152992.6914,3.513,-69.42,-77.82,7.726
G,1764153002,13.079145,-16.769221667,9.6
C,1764153002.855,4,0
p1,1764153012.6414,3.518,-71.43,-78.42,6.02
p1,1764153022.7189,3.493,-71.12,-79.61,7.823
p1,1764153022.7409,3.5,-70,-78.71,8.086
C,1764153022.856,5,0
p1,1764153022.8582,3.491,-71.26,-78.29,6.075
p1,1764153022.9899,3.488,-70.17,-79.16,8.407
p1,1764153032.8184,3.503,-58.69,-75.72,16.94
p1,1764153032.8404,3.504,-59.03,-76.57,17.46
p1,1764153032.9574,3.493,-59.62,-76.22,16.5
p1,1764153033.0894,3.493,-59.25,-75.64,16.29
p1,1764153042.9179,3.494,-63.61,-75.13,11.2
p1,1764153042.9397,3.497,-64.36,-76.29,11.64
p1,1764153043.0569,3.482,-65.63,-74.92,8.742
p1,1764153048.2632,-5.817,-58.99,-76.55,17.48
p1,1764153048.2652,3.118,-59.18,-76.18,16.92
p1,1764153049.1454,-5.17,-61.98,-73.28,10.97
p1,1764153049.1457,-5.117,-62.21,-74.37,11.89
p1,1764153050.1762,4.726,-71.3,-78.35,6.103
p1,1764153050.3629,3.894,-66.3,-76.66,9.938
p1,1764153050.3632,3.918,-66.55,-76.56,9.555
p1,1764153050.8637,3.938,-67.25,-77.1,9.369
p1,1764153050.9032,3.955,-66.83,-75.6,8.151
p1,1764153050.9034,-6.312,-67.76,-75.21,6.595
p1,1764153051.4774,-4.769,-64.18,-76.36,11.9
p1,1764153051.4777,-4.79,-63.96,-77.13,12.95
p1,1764153051.9114,-6.031,-62.42,-77.42,14.86
p1,1764153051.9122,4.244,-62.67,-77.03,14.2
p1,1764153052.6684,-4.737,-67.24,-76.05,8.205
p1,1764153052.6686,-7.643,-67.16,-76.42,8.718
p1,1764153052.9454,-6.697,-68.79,-77.02,7.523
p1,1764153053.0171,3.495,-63.09,-76.01,12.7
p1,1764153053.0392,3.498,-63,-76.25,13.05
p1,1764153053.1564,3.496,-63.87,-75.63,11.47
p1,1764153053.2296,-7.06,-68.52,-76.34,7.035
p1,1764153053.2881,3.489,-62.45,-75.87,13.22
p1,1764153054.2694,-5.58,-63.19,-77.44,14.09
p1,1764153054.8974,-7.012,-61.99,-70.62,7.998
p1,1764153054.9012,-2.599,-60.77,-69.6,8.228
p1,1764153054.9014,7.487,-62.97,-69.99,6.065
G,1764153062,13.078953333,-16.769538333,11.7
C,1764153062.843,4,0
p1,1764153063.0579,5.17,-63.84,-77.63,13.61
p1,1764153063.1166,3.499,-54.14,-75.17,21
p1,1764153063.1386,3.498,-53.59,-74.52,20.89
p1,1764153063.2559,3.496,-53.14,-75.68,22.52
p1,1764153063.3877,3.5,-52.1,-75.65,23.53
p1,1764153068.3274,-7.621,-66.97,-77.91,10.58
p1,1764153068.3284,5.382,-67.82,-76.71,8.287
p1,1764153073.2161,3.497,-46.77,-74.49,27.71
p1,1764153073.2381,3.499,-46.66,-73.87,27.21
p1,1764153073.3551,3.497,-44.88,-71.37,26.48
p1,1764153073.4871,3.499,-42.03,-73.03,31
C,1764153082.853,5,0
p1,1764153083.3156,3.497,-14.13,-44.61,30.47
p1,1764153083.3376,3.5,-13.42,-41.01,27.58
p1,1764153083.4547,3.498,-8.543,-43.9,35.35
p1,1764153083.5866,3.5,-5.428,-33.93,28.49
p1,1764153093.4149,3.462,-2.824,-32.97,30.14
p1,1764153093.4369,3.468,-2.716,-35.4,32.68
p1,1764153093.5541,3.468,-2.622,-42.59,39.97
p1,1764153093.6859,3.462,-2.687,-35.06,32.37
C,1764153099.361,5,0
C,1764153102.851,4,0
p1,1764153103.5144,3.455,-2.347,-39.34,36.99
p1,1764153103.5364,3.46,-2.325,-42.36,40.03
p1,1764153103.6536,3.461,-2.405,-35.42,33.02
p1,1764153103.7854,3.474,-2.373,-44.02,41.65
p1,1764153113.6139,3.459,-20.23,-57.45,37.22
p1,1764153113.6359,3.462,-19.88,-52.23,32.35
p1,1764153113.7529,3.457,-17.09,-45.3,28.2
p1,1764153113.8849,3.462,-14.32,-48.44,34.12
G,1764153122,13.078926667,-16.769695,12.9
p1,1764153123.7134,3.465,-22.23,-52.31,30.08
p1,1764153123.7351,3.465,-22.45,-50.52,28.06
p1,1764153123.8524,3.465,-22.63,-57.67,35.04
p1,1764153123.9844,3.467,-23.66,-51.75,28.09
p1,1764153128.9694,-6.238,-60.13,-68.33,7.484
p1,1764153128.9696,-5.543,-60.7,-68.98,7.574
p1,1764153133.8126,3.469,-39.14,-67.89,28.74
p1,1764153133.8346,3.472,-38.11,-70.47,32.36
p1,1764153133.9519,3.472,-35.02,-72.8,37.78
p1,1764153134.0836,3.471,-32.56,-64.46,31.9
C,1764153142.852,5,0
p1,1764153143.9121,3.474,-45.74,-76.27,30.53
p1,1764153143.9341,3.478,-45.99,-75.66,29.66
p1,1764153144.0513,3.476,-47.13,-74.78,27.64
p1,1764153144.1831,3.473,-46.82,-75.42,28.59
p1,1764153154.0116,3.479,-49.34,-76.23,26.88
p1,1764153154.0336,3.478,-49.44,-75.47,26.01
p1,1764153154.1506,3.476,-49.73,-73.86,24.12
p1,1764153154.2826,3.478,-50.17,-76.26,26.08
p1,1764153156.0728,-6.749,-69.42,-78.05,7.983
p1,1764153158.6451,-5.716,-68.01,-75.08,6.125
p1,1764153160.2288,-7.6,-65.59,-72.72,6.193
C,1764153162.852,4,0
p1,1764153164.1111,3.481,-47.84,-74.92,27.07
p1,1764153164.1329,3.482,-47.71,-72.36,24.63
p1,1764153164.1331,-4.639,-57.91,-74.05,16.03
p1,1764153164.2501,3.479,-47.67,-75.22,27.55
p1,1764153164.3821,3.484,-47.71,-73.22,25.5
p1,1764153174.2103,3.48,-47.6,-74.23,26.63
p1,1764153174.2323,3.485,-47.57,-74.88,27.31
p1,1764153174.3496,3.485,-47.67,-76.09,28.42
p1,1764153174.4813,3.483,-47.65,-75.13,27.47
G,1764153182,13.079033333,-16.769411667,12.9
p1,1764153184.5808,3.483,-58.62,-78.46,19.8
p1,1764153194.6803,3.495,-68.35,-78.34,9.533
C,1764153202.853,5,0
p1,1764153204.5088,3.483,-61.25,-77.87,16.52
p1,1764153204.5306,3.488,-61.23,-77.79,16.46
p1,1764153204.5308,-4.639,-70.47,-79.48,8.421
p1,1764153214.6081,3.489,-58.64,-77.56,18.86
p1,1764153214.6301,3.496,-58.43,-77.72,19.23
p1,1764153214.7473,3.495,-58.63,-77.75,19.07
p1,1764153214.8790,3.492,-58.58,-77.78,19.14
C,1764153222.853,4,0
G,1764153242,13.079146667,-16.769181667,12.2
C,1764153242.855,5,0
p1,1764153244.9065,3.493,-55.08,-77.54,22.44
p1,1764153244.9285,3.494,-55.05,-77.41,22.34
p1,1764153245.0455,3.493,-54.9,-78.48,23.55
p1,1764153245.1775,3.489,-55.37,-77.48,22.08
p1,1764153255.0058,3.494,-58.68,-78.04,19.31
p1,1764153255.0278,3.497,-58.55,-78.44,19.85
p1,1764153255.1450,3.499,-58.88,-78.5,19.57
p1,1764153255.2768,3.487,-59.79,-78.41,18.57
C,1764153262.856,4,0
p1,1764153265.1053,3.493,-59.38,-78.29,18.85
p1,1764153265.1273,3.49,-59.03,-79.26,20.19
p1,1764153265.2445,3.49,-58.58,-79.26,20.65
p1,1764153265.3763,3.495,-58.04,-78.6,20.52
p1,1764153275.2047,3.488,-65.71,-78.8,12.87
p1,1764153275.2268,3.487,-65.6,-79.44,13.65
p1,1764153275.3438,-4.627,-72.85,-80.48,6.812
p1,1764153275.3440,3.484,-64.15,-79.07,14.78
p1,1764153275.4758,3.497,-62.78,-79.41,16.53
p1,1764153285.3042,3.503,-71.03,-79.75,8.097
p1,1764153285.3262,3.49,-71.77,-78.9,6.202
p1,1764153285.4433,3.479,-70.24,-79.25,8.423
p1,1764153285.5753,3.495,-69.73,-79.3,9.065
p1,1764153295.4035,3.496,-71.03,-79.06,7.292
p1,1764153295.4255,3.48,-70.05,-79.04,8.409
p1,1764153295.5427,3.487,-69.77,-78.05,7.577
p1,1764153295.6747,3.502,-70.13,-79.38,8.696
G,1764153302,13.07938,-16.768966667,12.4
p1,1764153315.6025,3.504,-68.85,-79.48,10.23
p1,1764153315.6245,3.496,-67.97,-79.34,11.04
p1,1764153315.7418,3.493,-69.26,-78.71,8.932
p1,1764153315.8735,3.482,-68.7,-79.12,10.01
p1,1764153336.0722,3.497,-64.9,-78.8,13.72
G,1764153362,13.079541667,-16.768893333,12.7
C,1764153363.004,5,0
C,1764153383.002,4,0
p1,1764153406.4974,3.493,-66.01,-78.49,12.22
p1,1764153406.5194,3.482,-65.99,-78.72,12.49
G,1764153422,13.079556667,-16.768781667,13.3
C,1764153423.002,5,0
C,1764153443.004,4,0
C,1764153463.005,5,0
G,1764153482,13.079541667,-16.768808333,13.3
C,1764153483.007,4,0
p1,1764153487.2929,3.499,-68.96,-79.28,9.887
p1,1764153487.3146,3.503,-69.81,-79.1,8.749
p1,1764153487.4322,3.484,-69.55,-78.93,8.848
p1,1764153487.5639,3.478,-68.66,-78.87,9.771
p1,1764153507.7626,3.49,-69.6,-79.04,8.913
C,1764153523.002,5,0
p1,1764153527.7126,3.486,-64.8,-79.27,14.31
p1,1764153527.8296,3.496,-66,-78.67,12.42
G,1764153542,13.079348333,-16.769205,13.2
C,1764153543.002,4,0
p1,1764153547.8893,3.482,-58.69,-78.87,20.14
p1,1764153548.0286,3.49,-58.33,-79.38,21.02
C,1764153583.002,5,0
G,1764153602,13.079065,-16.769643333,14.3
C,1764153603.007,4,0
C,1764153623.004,5,0
C,1764153643.004,4,0
p1,1764153658.9830,3.471,-65.08,-79.71,14.47
p1,1764153659.0050,-4.638,-74.81,-82.09,6.377
p1,1764153659.0053,3.473,-64.91,-79.63,14.57
p1,1764153659.1223,3.473,-64.64,-79.53,14.74
p1,1764153659.2543,3.488,-64.94,-79.9,14.82
G,1764153662,13.078925,-16.769693333,15.1
C,1764153683.005,5,0
C,1764153699.808,5,0
C,1764153703.006,4,0
G,1764153722,13.078926667,-16.769688333,14.6
p1,1764153739.9177,3.463,-72.79,-80.03,6.333
C,1764153743.005,5,0
p1,1764153749.8780,3.437,-71.18,-79.56,7.701
p1,1764153749.9000,3.463,-70.55,-79.63,8.503
p1,1764153750.0172,3.459,-70.46,-79.56,8.534
p1,1764153750.1490,3.464,-69.71,-79.64,9.472
C,1764153763.004,4,0
G,1764153782,13.078928333,-16.769688333,13.5
p1,1764153800.3752,3.462,-16.51,-51.45,34.94
p1,1764153800.3972,3.466,-16.77,-55.46,38.69
p1,1764153800.5144,3.465,-19.11,-54.42,35.31
p1,1764153800.6462,3.463,-22.59,-60.19,37.6
p1,1764153810.4747,3.435,-2.408,-40.68,38.27
p1,1764153810.4967,3.441,-2.406,-37.93,35.52
p1,1764153810.6139,3.436,-2.499,-31.05,28.54
p1,1764153810.7457,3.438,-2.368,-38.94,36.58
p1,1764153820.5742,3.423,-2.428,-34.25,31.82
p1,1764153820.5962,3.427,-2.482,-30.99,28.51
p1,1764153820.7132,3.425,-2.445,-33.6,31.15
p1,1764153820.8451,3.425,-2.533,-32.12,29.58
p1,1764153830.6734,3.403,-2.556,-29.95,27.39
p1,1764153830.6954,3.405,-2.485,-32.85,30.36
p1,1764153830.8127,3.399,-2.459,-41.12,38.66
p1,1764153830.9444,3.403,-2.503,-33.11,30.6
p1,1764153840.7729,3.449,-2.848,-37.64,34.79
p1,1764153840.7949,3.459,-2.764,-40.96,38.2
p1,1764153840.9122,3.44,-3.214,-38.45,35.23
p1,1764153841.0439,3.431,-3.125,-41.13,38
G,1764153842,13.07922,-16.769506667,15.6
C,1764153843.004,5,0
p1,1764153850.8724,3.397,-5.14,-45.14,40
p1,1764153850.8944,3.398,-5.159,-41.82,36.67
p1,1764153851.0116,3.408,-3.683,-31.78,28.09
p1,1764153851.1434,3.385,-3.129,-40.66,37.53
p1,1764153857.9146,4.338,-71.07,-78.76,6.885
p1,1764153857.9166,5.824,-72.18,-79.93,6.953
p1,1764153860.9719,3.322,-4.818,-37.19,32.37
p1,1764153860.9939,3.334,-4.832,-35.02,30.18
p1,1764153861.1109,3.313,-5.613,-36.54,30.92
p1,1764153861.2429,3.313,-6.692,-36.85,30.16
C,1764153863.006,4,0
p1,1764153871.0712,3.341,-3.137,-29.95,26.81
p1,1764153871.0714,4.632,-14.38,-32.94,18.5
p1,1764153871.0931,3.35,-3.065,-33.06,29.99
p1,1764153871.2104,3.277,-3.395,-40.74,37.34
p1,1764153871.3421,3.272,-3.984,-32.87,28.88
p1,1764153881.1706,3.289,-4.707,-36.85,32.14
p1,1764153881.1926,3.301,-4.384,-41.06,36.67
p1,1764153881.3099,3.284,-4.066,-41.97,37.9
p1,1764153881.4416,3.289,-4.486,-39.28,34.8
C,1764153883.005,5,0
p1,1764153891.2701,3.393,-3.355,-43.37,40.02
p1,1764153891.2921,3.409,-3.267,-42.82,39.55
p1,1764153891.4094,3.391,-2.994,-32.88,29.88
p1,1764153891.5411,3.368,-2.947,-42.59,39.65
p1,1764153895.7949,-4.479,-70.66,-79.27,7.964
p1,1764153895.7954,-4.558,-69.97,-78.51,7.891
p1,1764153901.3696,3.228,-3.143,-37.66,34.52
p1,1764153901.3916,3.235,-3.219,-35.89,32.67
p1,1764153901.5086,3.231,-3.426,-32.33,28.9
p1,1764153901.6406,3.228,-3.309,-35.67,32.36
G,1764153902,13.079486667,-16.768935,13
p1,1764153904.3064,4.368,-70.2,-79.3,8.528
p1,1764153904.3066,4.343,-71.01,-80.9,9.415
p1,1764153911.4691,3.212,-3.181,-32.14,28.95
p1,1764153911.4909,3.221,-3.102,-31.02,27.91
p1,1764153911.6081,3.217,-3.076,-37.34,34.26
p1,1764153911.7401,3.214,-3.319,-30.14,26.81
p1,1764153921.5683,3.234,-9.796,-39.84,30.04
p1,1764153921.5903,3.283,-6.978,-39.19,32.21
p1,1764153921.7076,3.289,-15.88,-55.07,39.19
p1,1764153921.8394,3.278,-17.07,-49.55,32.48
C,1764153923.004,4,0
p1,1764153931.6678,3.235,-14.07,-48.88,34.81
p1,1764153931.6898,3.241,-14.07,-51.79,37.72
p1,1764153931.8071,3.235,-15.67,-50.63,34.95
p1,1764153931.9388,3.245,-16.41,-53.93,37.52
p1,1764153941.7673,3.265,-8.608,-48.06,39.45
p1,1764153941.7894,3.268,-8.468,-46.11,37.64
p1,1764153941.9066,3.254,-8.422,-38.6,30.18
p1,1764153942.0383,3.256,-8.673,-47.91,39.24
C,1764153943.004,5,0
p1,1764153951.8668,3.454,-19.84,-54.66,34.82
p1,1764153951.8888,3.462,-26.4,-59.14,32.74
p1,1764153952.0058,3.456,-18.12,-46.41,28.28
p1,1764153952.1378,3.46,-17.21,-49.65,32.43
p1,1764153961.9663,3.331,-12.89,-43.23,30.34
p1,1764153961.9884,3.333,-11.89,-39.51,27.62
p1,1764153962.1053,3.272,-13.15,-48.14,34.99
p1,1764153962.2373,3.442,-10.79,-39.16,28.36
G,1764153962,13.07942,-16.768648333,11.8
C,1764153963.004,4,0
p1,1764153972.0656,3.397,-22.1,-50.21,28.1
p1,1764153972.0876,3.402,-22.04,-54.38,32.33
p1,1764153972.2048,3.4,-21.98,-61.9,39.92
p1,1764153972.3366,3.399,-22.04,-52.2,30.15
p1,1764153982.1651,3.412,-21.85,-56.91,35.06
p1,1764153982.1871,3.417,-21.85,-59.39,37.55
p1,1764153982.3043,3.416,-21.88,-57.79,35.9
p1,1764153982.4361,3.415,-21.83,-59.71,37.88
p1,1764153992.2646,3.425,-28.19,-67.94,39.75
p1,1764153992.2866,3.43,-28.26,-65.72,37.46
p1,1764153992.4038,3.428,-28.59,-58.89,30.3
p1,1764153992.5355,3.427,-28.02,-67.76,39.73
p1,1764154002.3641,3.433,-28.98,-64.02,35.04
p1,1764154002.3861,3.437,-28.95,-61.35,32.39
p1,1764154002.5031,3.432,-28.74,-57.92,29.18
p1,1764154002.6351,3.435,-28.54,-61.08,32.53
C,1764154003.005,5,0
p1,1764154012.4635,3.444,-33.82,-62.73,28.91
p1,1764154012.4853,3.444,-33.85,-62.09,28.24
p1,1764154012.4856,3.448,-36.8,-52.6,15.68
p1,1764154012.6026,3.443,-33.54,-67.9,34.36
p1,1764154012.7345,3.446,-33.54,-60.5,26.95
p1,1764154022.5628,3.447,-33.41,-63.41,30
p1,1764154022.5848,3.45,-33.33,-66.57,33.24
p1,1764154022.7021,3.45,-33.33,-72.34,39
G,1764154022,13.079468333,-16.768543333,11.6
p1,1764154022.8338,3.449,-33.37,-65.37,32.01
C,1764154023.004,4,0
p1,1764154032.6623,3.452,-35.94,-72.62,36.68
p1,1764154032.6843,3.456,-35.92,-73.8,37.87
p1,1764154032.8015,3.455,-36.02,-67.88,31.85
p1,1764154032.9333,3.454,-36,-74.3,38.29
p1,1764154042.7618,3.456,-38.59,-73.88,35.28
p1,1764154042.7838,3.459,-38.63,-72.44,33.81
p1,1764154042.9010,3.459,-38.88,-65.88,27
p1,1764154043.0328,3.459,-38.68,-71.89,33.21
p1,1764154052.8613,3.461,-37.18,-67.73,30.55
p1,1764154052.8830,3.461,-40.25,-52.9,12.41
p1,1764154052.8833,3.465,-37.23,-65.35,28.12
p1,1764154053.0003,3.461,-37.17,-69.02,31.85
p1,1764154053.1323,3.463,-37.21,-65.52,28.31
C,1764154063.005,5,0
p1,1764154062.9605,3.459,-49.97,-75.27,25.29
p1,1764154062.9825,3.465,-50.46,-77.31,26.84
p1,1764154063.0998,3.465,-52.59,-77.87,25.27
p1,1764154063.2315,3.461,-50.6,-75.8,25.18
p1,1764154073.0600,3.464,-47.88,-75.54,27.66
p1,1764154073.0820,3.466,-48.3,-76.09,27.79
p1,1764154073.1993,3.464,-49.13,-76.82,27.68
p1,1764154073.3310,3.465,-49.19,-76.57,27.37
G,1764154082,13.079515,-16.768315,12
C,1764154083.005,4,0
p1,1764154083.1595,3.463,-51.1,-77.01,25.9
p1,1764154083.1815,3.465,-51.31,-76.43,25.1
p1,1764154083.2988,3.467,-50.88,-74.7,23.8
p1,1764154083.4305,3.467,-50.33,-77.42,27.08
p1,1764154093.2590,3.468,-54.04,-77.39,23.33
p1,1764154093.2810,3.466,-53.83,-76.85,23
p1,1764154093.3980,3.464,-53.64,-77.85,24.19
p1,1764154093.5300,3.468,-53.54,-77.86,24.31
C,1764154103.006,5,0
p1,1764154103.3583,3.461,-51.59,-75.2,23.59
p1,1764154103.3802,3.466,-51.57,-76.88,25.3
p1,1764154103.4975,3.461,-52.18,-77.56,25.37
p1,1764154103.6292,3.461,-52.33,-76.66,24.31
p1,1764154113.4577,3.454,-55.37,-78.81,23.42
p1,1764154113.4797,3.46,-55.63,-79.11,23.46
p1,1764154113.5970,3.459,-56.63,-78.56,21.91
p1,1764154113.7287,3.462,-57.65,-78.42,20.73
C,1764154123.004,4,0
p1,1764154123.5572,3.463,-59.91,-78.77,18.81
p1,1764154123.5792,3.472,-60.02,-78.44,18.36
p1,1764154123.6965,3.458,-59.82,-78.1,18.22
p1,1764154123.8282,3.46,-59.79,-78.78,18.94
p1,1764154133.6567,3.461,-58.58,-77.12,18.48
p1,1764154133.6787,3.462,-58.73,-76.88,18.09
p1,1764154133.7957,3.461,-57.34,-76.42,19.03
p1,1764154133.9277,3.457,-57.03,-78,20.94
G,1764154142,13.079571667,-16.767996667,12.2
p1,1764154143.7562,3.467,-59.34,-76.87,17.46
p1,1764154143.7780,3.47,-59.66,-76.65,16.9
p1,1764154143.8952,3.459,-59.48,-78.54,19
p1,1764154144.0270,3.467,-59.86,-78.65,18.73
p1,1764154144.0272,4.637,-69.89,-79.53,9.137
p1,1764154153.8555,3.46,-60.3,-78.12,17.75
p1,1764154153.8775,3.463,-60.26,-77.89,17.55
p1,1764154153.9947,3.465,-60.33,-76.95,16.52
p1,1764154154.1265,3.47,-60.5,-76.26,15.64
C,1764154163.005,5,0
p1,1764154163.9550,3.455,-63.37,-78.27,14.76
p1,1764154163.9770,3.459,-63.88,-78.42,14.39
p1,1764154164.0942,3.471,-64.67,-78.58,13.72
p1,1764154164.2260,3.452,-64.6,-78.46,13.68
p1,1764154174.0545,3.468,-69.38,-79.43,9.599
p1,1764154174.0765,3.473,-69.01,-79.01,9.539
p1,1764154174.1934,3.455,-69.23,-79.43,9.764
p1,1764154174.3255,3.45,-67.92,-79.08,10.81
C,1764154182.867,4,0
p1,1764154184.1539,3.455,-63.56,-78.91,15.23
p1,1764154184.1759,3.465,-63.92,-78.87,14.81
p1,1764154184.2929,3.469,-64.3,-78.4,13.93
p1,1764154184.4247,3.459,-64.03,-78.12,13.92
p1,1764154194.2532,3.468,-62.4,-78.72,16.22
p1,1764154194.2752,3.461,-62.81,-78.57,15.65
p1,1764154194.3924,3.448,-62.32,-78.57,16.14
p1,1764154194.5242,3.461,-62.55,-78.26,15.59
G,1764154202,13.079598333,-16.767716667,11
p1,1764154204.3527,3.457,-62.2,-76,13.61
p1,1764154204.3747,3.462,-61.86,-76.3,14.28
p1,1764154204.4919,3.468,-64.5,-78.35,13.66
p1,1764154204.6237,3.463,-65.72,-77.45,11.43
p1,1764154214.4522,3.451,-68.11,-77.31,8.636
p1,1764154214.4742,3.457,-68.04,-77.13,8.518
p1,1764154214.7232,3.435,-70.34,-78.16,7.037
C,1764154222.867,5,0
p1,1764154224.5517,3.439,-71.14,-78.91,6.969
p1,1764154224.5734,3.454,-70.8,-78.54,6.937
p1,1764154224.6907,3.469,-70.95,-78.01,6.104
p1,1764154234.6732,3.47,-69.71,-77.23,6.665
p1,1764154234.7902,3.453,-69.89,-77.52,6.802
C,1764154242.868,4,0
G,1764154262,13.07964,-16.7673,12.7
C,1764154300.287,4,0
G,1764154322,13.07964,-16.766896667,11.1
C,1764154322.871,5,0
C,1764154342.873,4,0
p1,1764154376.0431,3.454,-69.74,-78.34,7.954
p1,1764154376.0651,3.473,-69.71,-78.02,7.616
p1,1764154376.1823,3.473,-69.26,-78.94,9.187
p1,1764154376.3141,3.479,-68.9,-78.86,9.493
G,1764154382,13.079715,-16.76691,9.7
C,1764154382.864,5,0
p1,1764154386.1426,3.454,-71.08,-79.34,7.551
p1,1764154386.1646,3.479,-71.25,-78.75,6.648
p1,1764154386.2816,3.483,-70.56,-78.02,6.602
p1,1764154386.4136,3.477,-71.29,-78.4,6.174
C,1764154402.873,4,0
G,1764154442,13.079615,-16.766886667,10.1
p1,1764154487.2760,3.441,-70.79,-78.85,7.326
p1,1764154497.2363,3.479,-70.55,-77.8,6.346
p1,1764154497.2583,3.437,-70.2,-77.59,6.515
p1,1764154497.3755,3.459,-70.64,-77.66,6.052
G,1764154502,13.079706667,-16.767213333,10.7
p1,1764154507.3358,3.478,-70.83,-78.86,7.284
p1,1764154517.4353,3.484,-68.95,-76.97,7.278
p1,1764154517.4570,3.483,-68.62,-77.1,7.812
p1,1764154517.5743,3.439,-70.34,-77.86,6.674
p1,1764154517.7063,3.463,-68.74,-78.78,9.59
p1,1764154527.5345,3.458,-65.64,-77.26,11.31
p1,1764154527.5565,3.44,-66.25,-77.7,11.13
p1,1764154527.6738,3.473,-66.04,-77.64,11.28
p1,1764154527.8055,3.453,-67.3,-77.63,9.911
p1,1764154537.6340,3.471,-67.43,-78.14,10.33
p1,1764154537.6560,3.468,-67.06,-78.47,11.08
p1,1764154537.7733,3.475,-67.58,-79.31,11.44
p1,1764154537.9050,3.479,-67.7,-79.13,11.11
p1,1764154547.7335,3.468,-63.86,-77.81,13.77
p1,1764154547.7555,3.47,-63.97,-77.53,13.36
p1,1764154547.8727,3.465,-64.03,-78.16,13.97
p1,1764154548.0045,3.466,-62.5,-77.72,15.09
p1,1764154557.8330,3.473,-63.89,-77.32,13.23
p1,1764154557.8548,3.475,-64.56,-76.81,11.98
p1,1764154557.9720,3.466,-64.44,-77.63,12.97
p1,1764154558.1040,3.467,-64.2,-79.13,14.78
G,1764154562,13.079668333,-16.767706667,12.2
p1,1764154567.9325,3.466,-65.87,-78.5,12.39
p1,1764154567.9545,3.467,-66.39,-77.92,11.22
p1,1764154568.0715,3.461,-66.15,-79.28,12.92
p1,1764154568.2032,3.466,-65.03,-77.06,11.75
p1,1764154578.0317,3.469,-60.69,-77.91,17.13
p1,1764154578.0537,3.466,-61.05,-78.49,17.36
p1,1764154578.1710,3.465,-61.4,-78.38,16.89
p1,1764154578.3027,3.469,-62.77,-78.9,16.02
p1,1764154588.1312,3.468,-58.97,-78.55,19.53
p1,1764154588.1532,3.468,-59.1,-78.48,19.33
p1,1764154588.2705,3.473,-57.83,-75.38,17.48
p1,1764154588.4023,3.472,-56.91,-76.54,19.58
p1,1764154598.2307,3.467,-54.94,-76.37,21.4
p1,1764154598.2527,3.473,-55.12,-76.19,21.03
p1,1764154598.3697,3.468,-56.14,-77.46,21.29
p1,1764154598.5017,3.468,-57.5,-78.47,20.94
p1,1764154608.3302,3.47,-55.09,-77.93,22.82
p1,1764154608.3520,3.47,-55.19,-78.45,23.24
p1,1764154608.4692,3.468,-55.3,-78.56,23.24
p1,1764154608.6010,3.467,-55.87,-77.33,21.43
p1,1764154608.6012,4.636,-66.15,-79.07,12.69
p1,1764154618.4295,3.465,-52.08,-76.26,24.16
p1,1764154618.4515,3.469,-52.15,-78.12,25.97
p1,1764154618.5687,3.468,-51.85,-78.17,26.31
p1,1764154618.7005,3.469,-51.89,-78.08,26.17
G,1764154622,13.079555,-16.768285,11
p1,1764154628.5289,3.464,-45.84,-77.29,31.45
p1,1764154628.5510,3.468,-45.99,-77.95,31.96
p1,1764154628.6682,3.466,-45.91,-75.43,29.52
p1,1764154628.8000,3.466,-46.02,-78.43,32.41
p1,1764154638.6285,3.466,-40.17,-74.55,34.38
p1,1764154638.6505,3.468,-40.17,-71.68,31.51
p1,1764154638.7675,3.464,-40.01,-68,27.99
p1,1764154638.7677,3.467,-42.66,-53.08,10.01
p1,1764154638.8994,3.466,-40.34,-72.72,32.37
C,1764154642.877,5,0
p1,1764154648.7279,3.469,-32.93,-63.11,30.17
p1,1764154648.7497,3.469,-32.97,-60.76,27.78
p1,1764154648.8669,3.468,-33.11,-67.52,34.41
p1,1764154648.9990,3.47,-33.68,-61.85,28.17
p1,1764154658.8272,3.468,-27.28,-57.53,30.24
p1,1764154658.8492,3.471,-27.23,-60.14,32.91
p1,1764154658.9664,3.471,-27.21,-67.09,39.88
p1,1764154659.0982,3.469,-27.31,-59.59,32.27
C,1764154662.877,4,0
p1,1764154668.9267,3.47,-20.65,-58.49,37.84
p1,1764154668.9487,3.473,-20.6,-60.18,39.58
p1,1764154669.0659,3.474,-21.17,-53.6,32.43
p1,1764154669.1977,3.471,-22.67,-62.63,39.96
p1,1764154679.0262,3.48,-5.581,-43.78,38.2
p1,1764154679.0482,3.491,-4.058,-38.53,34.47
p1,1764154679.1652,3.486,-2.841,-31.05,28.2
p1,1764154679.2972,3.488,-2.54,-38.15,35.61
G,1764154682,13.079463333,-16.76865,13.8
p1,1764154689.1257,3.503,-2.318,-32.89,30.57
p1,1764154689.1474,3.489,-5.838,-26.23,20.35
p1,1764154689.1477,3.492,-2.367,-29.81,27.44
p1,1764154689.2647,3.486,-2.387,-36.59,34.2
p1,1764154689.3967,3.505,-2.376,-30.96,28.57
p1,1764154699.2250,3.362,-2.568,-32.73,30.16
p1,1764154699.2469,3.374,-2.527,-39.73,37.2
p1,1764154699.3642,3.375,-2.498,-42.79,40.3
p1,1764154699.4959,3.355,-2.576,-35.78,33.2
C,1764154702.875,5,0
p1,1764154709.3244,3.419,-3.855,-41.57,37.71
p1,1764154709.3464,3.419,-3.82,-43.16,39.34
p1,1764154709.4637,3.434,-4.158,-36.5,32.34
p1,1764154709.5954,3.42,-6.584,-46.52,39.94
p1,1764154719.4239,3.429,-7.445,-45.44,37.99
p1,1764154719.4459,3.431,-8.109,-42.76,34.65
p1,1764154719.5629,3.423,-10.93,-39.09,28.15
p1,1764154719.6949,3.434,-14.65,-49.77,35.12
C,1764154722.877,4,0
p1,1764154729.5234,3.438,-13.47,-43.75,30.28
p1,1764154729.5454,3.431,-15.9,-43.92,28.01
p1,1764154729.6624,3.429,-12.02,-46.31,34.29
p1,1764154729.7944,3.426,-10.48,-38.83,28.34
p1,1764154739.6226,3.422,-6.697,-36.96,30.26
p1,1764154739.6446,3.426,-6.363,-38.63,32.26
p1,1764154739.7619,3.432,-4.837,-44.26,39.42
p1,1764154739.8936,3.425,-6.082,-38.64,32.56
G,1764154742,13.079773333,-16.769185,11
p1,1764154749.7221,3.405,-8.814,-46.11,37.3
p1,1764154749.7441,3.41,-8.796,-48.72,39.92
p1,1764154749.8614,3.418,-7.932,-41.8,33.87
p1,1764154749.9931,3.398,-8.874,-48.66,39.78
p1,1764154759.8216,3.471,-2.461,-40.76,38.3
p1,1764154759.8436,3.473,-2.458,-38.08,35.62
p1,1764154759.9609,3.47,-2.594,-30.7,28.1
p1,1764154760.0926,3.47,-2.653,-39.03,36.37
p1,1764154769.9211,3.427,-3.2,-36,32.79
p1,1764154769.9431,3.429,-3.215,-32.71,29.49
p1,1764154770.0601,3.421,-3.216,-35.72,32.51
p1,1764154770.1921,3.42,-3.051,-33.59,30.53
p1,1764154780.0204,3.423,-5.398,-28.28,22.86
p1,1764154780.0206,3.429,-2.62,-29.07,26.44
p1,1764154780.0424,3.429,-2.587,-32.31,29.72
p1,1764154780.1596,3.426,-2.527,-39.73,37.2
p1,1764154780.2914,3.409,-2.733,-31.7,28.96
p1,1764154790.1199,3.423,-2.752,-35.06,32.31
p1,1764154790.1419,3.427,-2.694,-37.75,35.06
p1,1764154790.2591,3.423,-2.759,-40.56,37.8
p1,1764154790.3909,3.419,-2.726,-37.17,34.44
p1,1764154800.2193,3.467,-3.426,-43.46,40.03
p1,1764154800.2414,3.47,-3.249,-43.32,40.07
p1,1764154800.3586,3.479,-2.663,-33.82,31.16
p1,1764154800.4903,3.413,-2.729,-42.2,39.47
G,1764154802,13.080076667,-16.769688333,9.8
C,1764154802.877,5,0
p1,1764154810.3189,3.423,-2.973,-40.9,37.92
p1,1764154810.3408,3.429,-2.938,-35.21,32.27
p1,1764154810.4579,3.424,-2.732,-30.89,28.15
p1,1764154810.5899,3.432,-2.527,-36.55,34.02
p1,1764154820.4184,3.409,-2.767,-32.91,30.14
p1,1764154820.4404,3.417,-2.777,-30.9,28.12
p1,1764154820.5573,3.408,-2.752,-34.97,32.22
p1,1764154820.6893,3.401,-3.049,-31.1,28.04
C,1764154822.878,4,0
p1,1764154830.5176,3.425,-2.756,-30.64,27.87
p1,1764154830.5396,3.431,-2.658,-33.89,31.23
p1,1764154830.6568,3.438,-2.448,-40.81,38.36
p1,1764154830.7886,3.445,-2.523,-33.58,31.05
p1,1764154840.6171,3.396,-7.532,-42.61,35.08
p1,1764154840.6391,3.401,-7.04,-44.64,37.6
p1,1764154840.7564,3.4,-6.479,-42.21,35.73
p1,1764154840.8881,3.402,-5.55,-43.39,37.84
p1,1764154850.7166,3.397,-2.811,-42.3,39.49
p1,1764154850.7386,3.402,-2.879,-40.38,37.5
p1,1764154850.8558,3.4,-4.569,-34.82,30.25
p1,1764154850.9876,3.396,-10.49,-50.6,40.11
p1,1764154860.8161,3.466,-2.471,-38.21,35.73
p1,1764154860.8381,3.468,-2.463,-34.69,32.23
p1,1764154860.9551,3.459,-2.537,-31.2,28.66
p1,1764154861.0871,3.461,-2.557,-34.89,32.33
G,1764154862,13.079793333,-16.770163333,16.5
C,1764154862.868,5,0
p1,1764154870.9156,3.457,-2.533,-32.47,29.93
p1,1764154870.9376,3.46,-2.552,-31.15,28.59
p1,1764154871.0546,3.457,-2.433,-34.77,32.34
p1,1764154871.1866,3.455,-2.547,-30.98,28.43
p1,1764154881.0148,3.441,-4.554,-32.72,28.16
p1,1764154881.0368,3.445,-4.105,-34.28,30.17
p1,1764154881.1541,3.444,-2.703,-42.18,39.48
p1,1764154881.2858,3.441,-2.591,-33,30.41
p1,1764154882.8263,4.226,-72.56,-81.55,8.395
C,1764154882.879,4,0
p1,1764154891.1143,3.441,-3.153,-35.27,32.11
p1,1764154891.1363,3.444,-2.838,-39.54,36.7
p1,1764154891.2536,3.444,-2.577,-39.92,37.34
p1,1764154891.3853,3.442,-2.549,-37.13,34.58
C,1764154900.683,4,0
p1,1764154901.2138,3.219,-5.113,-44.57,39.46
p1,1764154901.2358,3.225,-5.157,-45.13,39.97
p1,1764154901.3531,3.223,-5.706,-36.93,31.22
p1,1764154901.4848,3.225,-8.206,-47.81,39.6
C,1764154902.876,5,0
p1,1764154906.3953,4.464,-64.18,-75.52,11
p1,1764154906.3958,4.434,-64.46,-75.85,11.06
p1,1764154911.3133,3.198,-2.654,-39.63,36.98
p1,1764154911.3353,3.204,-2.647,-34.86,32.21
p1,1764154911.4523,3.203,-2.787,-29.98,27.18
p1,1764154911.5843,3.2,-2.685,-37.9,35.22
p1,1764154921.4128,3.378,-20.1,-50.58,30.47
p1,1764154921.4348,3.4,-19.88,-48.23,28.35
p1,1764154921.5518,3.426,-19.4,-51.76,32.36
p1,1764154921.6838,3.443,-18.3,-46.72,28.41
G,1764154922,13.079448333,-16.770143333,17.2
C,1764154922.876,4,0
p1,1764154931.5120,3.425,-18.89,-47.27,28.37
p1,1764154931.5340,3.43,-18.82,-48.84,30.02
p1,1764154931.6513,3.435,-18.85,-57.93,39.08
p1,1764154931.7830,3.467,-17.64,-47.9,30.26
p1,1764154941.6115,3.473,-21.94,-54.31,32.37
p1,1764154941.6336,3.476,-22.07,-59.83,37.76
p1,1764154941.7508,3.476,-22.57,-60.5,37.93
p1,1764154941.8825,3.474,-22.8,-57.87,35.08
p1,1764154951.7110,3.469,-23.07,-63.05,39.99
p1,1764154951.7330,3.472,-23.08,-62.68,39.6
p1,1764154951.8503,3.474,-22.73,-52.78,30.04
p1,1764154951.9820,3.473,-23.09,-63.14,40.06
p1,1764154961.8105,3.433,-26.84,-61.71,34.86
p1,1764154961.8325,3.438,-26.58,-59.22,32.64
p1,1764154961.9495,3.428,-27.63,-55.66,28.02
p1,1764154962.0815,3.431,-27.7,-60.12,32.42
C,1764154962.878,5,0
p1,1764154971.9100,3.44,-24.2,-54.38,30.17
p1,1764154971.9318,3.44,-24.07,-51.99,27.92
p1,1764154972.0490,3.44,-23.44,-58.39,34.95
p1,1764154972.1810,3.447,-22.66,-50.72,28.05
p1,1764154982.0093,3.459,-21.4,-51.56,30.16
p1,1764154982.0313,3.462,-21.33,-54.02,32.68
p1,1764154982.1485,3.462,-21.38,-61.44,40.06
p1,1764154982.2803,3.461,-21.6,-54.08,32.48
G,1764154982,13.079455,-16.770131667,17.2
C,1764154982.869,4,0
p1,1764154992.1088,3.462,-22.28,-60.21,37.93
p1,1764154992.1308,3.465,-22.26,-61.87,39.61
p1,1764154992.2480,3.465,-22.25,-54.51,32.25
p1,1764154992.3798,3.463,-22.19,-62.11,39.92
p1,1764155002.2082,3.441,-18.23,-55.9,37.67
p1,1764155002.2302,3.418,-24.51,-59.19,34.67
p1,1764155002.3473,3.437,-15.68,-43.39,27.69
p1,1764155002.4793,3.45,-17.51,-52.67,35.16
p1,1764155012.3078,3.39,-3.975,-34.24,30.26
p1,1764155012.3297,3.385,-4.025,-32.27,28.24
p1,1764155012.4467,3.394,-4.042,-38.09,34.05
p1,1764155012.5787,3.387,-4.321,-32.63,28.31
C,1764155022.88,5,0
