port, timestamp,snr,signal,noise,ms
S,1764757040.29,1,frequency,150.096,0,
S,1764757040.301,1,lna_gain,1,0,
S,1764757040.306,1,rf_filter,6,0,
S,1764757040.311,1,mixer_gain,1,0,
S,1764757040.316,1,if_filter,0,0,
S,1764757040.323,1,if_gain,0,0,
p1,1764757046.4005,3.472,-20.12,-50.5,30.38
p1,1764757046.4225,3.476,-19.58,-46.94,27.36
p1,1764757046.5395,3.484,-17.33,-52.65,35.32
p1,1764757046.6715,3.483,-18.63,-47.08,28.44
G,1764759389,13.091658333,-16.768791667,15.9
S,1764757132.361,1,frequency,150.096,0,
S,1764757132.366,1,lna_gain,1,0,
S,1764757132.371,1,rf_filter,6,0,
S,1764757133.846,1,frequency,150.096,0,
S,1764757133.851,1,lna_gain,1,0,
S,1764757133.856,1,rf_filter,6,0,
S,1764757133.861,1,mixer_gain,1,0,
S,1764757133.867,1,if_filter,0,0,
S,1764757133.873,1,if_gain,0,0,
p1,1764757137.2953,3.493,-15.36,-45.57,30.2
p1,1764757137.3172,3.494,-15.59,-44.13,28.53
p1,1764757137.4342,3.491,-15.76,-48.26,32.49
p1,1764757137.5663,3.493,-11.54,-39.78,28.24
p1,1764757147.3945,3.482,-10.57,-38.81,28.24
p1,1764757147.4165,3.484,-10.5,-42.23,31.72
p1,1764757147.5337,3.484,-10.56,-50.77,40.21
p1,1764757147.6655,3.483,-10.68,-40.8,30.12
G,1764759449,13.091668333,-16.768763333,16.5
p1,1764757155.2322,6.286,-61.23,-77.13,15.79
p1,1764757155.2334,-4.008,-60.93,-76.56,15.51
p1,1764757157.4939,3.283,-9.411,-44.38,34.97
p1,1764757157.5159,3.291,-9.677,-47.22,37.54
p1,1764757157.6332,3.318,-8.131,-43.9,35.77
p1,1764757157.7650,3.3,-11.96,-49.8,37.84
C,1764759462.631,-1,2295532
