port, timestamp,snr,signal,noise,ms
C,1764663918.62,4,0
C,1764663931.917,5,0
p1,1764663931.9369,3.54,-68.41,-77.09,8.044
p1,1764663931.9589,3.533,-68.59,-76.6,7.272
p1,1764663932.0762,3.552,-67.83,-76.56,8.106
p1,1764663932.2079,3.558,-68.87,-76.36,6.631
p1,1764663942.0364,3.546,-66.75,-77.33,10.18
p1,1764663942.0584,3.534,-67,-76.88,9.409
p1,1764663942.1757,3.538,-66.65,-77.65,10.64
p1,1764663942.3074,3.536,-66.32,-77.31,10.63
G,1764663951,13.08111,-16.766226667,14.3
C,1764663951.917,4,0
p1,1764663952.1359,3.568,-66.25,-76.91,10.27
p1,1764663952.1579,3.554,-66.97,-76.55,9.078
p1,1764663952.2749,3.549,-66.58,-77.43,10.47
p1,1764663952.4069,3.53,-66.65,-77.18,10.13
p1,1764663962.2352,3.542,-65.67,-76.1,10.01
p1,1764663962.2572,3.545,-65.41,-76.04,10.23
p1,1764663962.3744,3.556,-64.61,-76.88,12
p1,1764663962.5062,3.539,-65.45,-77.31,11.57
p1,1764663972.3347,3.542,-66.1,-75.97,9.396
p1,1764663972.3567,3.55,-65.5,-76.04,10.14
p1,1764663972.4739,3.546,-66.2,-77.07,10.5
p1,1764663972.6057,3.553,-66.12,-76.66,10.14
p1,1764663982.4341,3.518,-69.95,-77.16,6.294
p1,1764663982.4562,3.546,-69.61,-76.78,6.243
p1,1764663982.7052,3.537,-68.07,-76.69,7.983
C,1764663991.91,5,0
p1,1764663992.5337,3.54,-68.5,-76.72,7.508
p1,1764663992.5554,3.555,-69.16,-76.65,6.642
G,1764664011,13.081406667,-16.766313333,14.5
C,1764664011.915,4,0
C,1764664031.92,5,0
C,1764664051.922,4,0
G,1764664071,13.081421667,-16.766355,14.7
p1,1764664073.3291,3.554,-66.63,-77.94,10.98
p1,1764664073.3511,3.543,-66.57,-77,10.03
p1,1764664073.4681,3.557,-66.29,-76.69,9.982
p1,1764664073.6001,3.546,-66.28,-77.3,10.67
p1,1764664083.4286,3.561,-65.98,-77.52,11.22
p1,1764664083.4503,3.531,-65.92,-76.9,10.62
p1,1764664083.5676,3.551,-66,-76.9,10.54
p1,1764664083.6996,3.564,-66.27,-77.16,10.52
C,1764664091.927,5,0
p1,1764664093.5278,3.551,-66,-77.08,10.72
p1,1764664093.5499,3.542,-66.38,-76.99,10.22
p1,1764664093.6671,3.558,-66.6,-77.34,10.35
p1,1764664093.7989,3.541,-66.32,-76.88,10.16
p1,1764664103.6273,3.541,-66,-77.37,11.04
p1,1764664103.6494,3.541,-66.21,-77.63,11.1
p1,1764664103.7666,3.55,-65.45,-76.77,10.99
p1,1764664103.8983,3.559,-66.26,-77.39,10.78
C,1764664111.926,4,0
p1,1764664113.7269,3.551,-66.11,-77.21,10.75
p1,1764664113.7488,3.588,-66.43,-77.41,10.62
p1,1764664113.8661,3.54,-66.36,-76.55,9.749
p1,1764664113.9978,3.528,-66.68,-77.6,10.55
p1,1764664123.8263,3.566,-67.55,-77.49,9.472
p1,1764664123.8483,3.557,-67.28,-76.88,9.101
p1,1764664123.9653,3.546,-66.02,-77.32,10.97
p1,1764664124.0973,3.566,-66.24,-77.15,10.55
G,1764664131,13.081431667,-16.766361667,13.1
C,1764664131.925,5,0
p1,1764664133.9256,3.539,-69.09,-76.74,6.832
p1,1764664133.9476,3.575,-69.57,-76.81,6.328
p1,1764664134.0648,3.557,-69.48,-76.71,6.325
p1,1764664134.1970,3.573,-70.16,-77.36,6.286
p1,1764664164.2461,3.559,-69.58,-77,6.554
p1,1764664164.3631,3.56,-69.56,-78.17,7.977
C,1764664171.927,4,0
p1,1764664174.3233,3.543,-69.55,-77.56,7.259
p1,1764664174.3453,3.534,-69.36,-77.08,6.91
p1,1764664174.5945,3.54,-69.56,-77.18,6.804
p1,1764664184.4228,3.541,-68.37,-76.47,7.366
p1,1764664184.4448,3.538,-67.53,-77.06,9.016
p1,1764664184.5621,3.524,-67.54,-75.9,7.676
p1,1764664184.6938,3.548,-67.42,-76.04,7.979
G,1764664191,13.08151,-16.76654,12.5
C,1764664191.93,5,0
p1,1764664194.5223,3.533,-67.55,-76.61,8.488
p1,1764664194.5443,3.566,-67.85,-76.66,8.191
p1,1764664194.6613,3.542,-67.51,-77.11,9.098
p1,1764664194.7933,3.52,-67.24,-77.18,9.477
p1,1764664204.6218,3.54,-66.35,-77.04,10.3
p1,1764664204.6438,3.541,-67.25,-77.08,9.347
p1,1764664204.7608,3.549,-66.94,-76.61,9.178
p1,1764664204.8928,3.561,-68.04,-76.32,7.582
C,1764664211.927,4,0
p1,1764664214.7430,3.544,-69.53,-77.88,7.656
p1,1764664214.8603,3.555,-69.63,-77.25,6.794
p1,1764664214.9925,3.547,-69.18,-77.08,7.137
p1,1764664224.8205,3.545,-66.88,-77.69,10.44
p1,1764664224.8425,3.545,-67.19,-77.79,10.21
p1,1764664224.9598,3.568,-67.49,-76.61,8.554
p1,1764664225.0915,3.541,-66.69,-77.27,10.18
p1,1764664234.9200,3.538,-66.93,-77,9.622
p1,1764664234.9420,3.581,-67.25,-77.27,9.574
p1,1764664235.0593,3.534,-67.89,-77.85,9.499
p1,1764664235.1910,3.541,-66.76,-77.68,10.55
p1,1764664245.0193,3.525,-69.89,-77.17,6.376
p1,1764664245.0415,3.535,-69.62,-77.55,7.173
p1,1764664245.1585,3.532,-69.53,-77.42,7.125
p1,1764664245.2903,3.536,-69.54,-76.61,6.114
G,1764664251,13.081798333,-16.766688333,10.2
C,1764664251.93,5,0
C,1764664271.93,4,0
G,1764664311,13.081863333,-16.766788333,11.9
C,1764664311.93,5,0
C,1764664331.927,4,0
C,1764664351.93,5,0
G,1764664371,13.081865,-16.766791667,12.8
C,1764664371.933,4,0
C,1764664411.929,5,0
G,1764664431,13.082116667,-16.766848333,8.3
C,1764664431.93,4,0
C,1764664471.933,5,0
p1,1764664487.5449,3.568,-69.19,-76.46,6.368
G,1764664491,13.082195,-16.766806667,10.5
C,1764664491.933,4,0
p1,1764664507.6046,3.527,-69.57,-77.23,6.843
C,1764664511.93,5,0
C,1764664519.074,5,0
C,1764664531.93,4,0
G,1764664551,13.081945,-16.76672,13.1
C,1764664571.933,5,0
C,1764664591.932,4,0
G,1764664611,13.081646667,-16.766643333,13.3
C,1764664631.93,5,0
p1,1764664638.8973,3.561,-68.41,-77.1,8.059
p1,1764664638.9193,3.544,-67.91,-76.31,7.716
p1,1764664639.0366,3.569,-69.3,-77.31,7.255
p1,1764664639.1683,3.537,-68.57,-76.76,7.469
C,1764664651.936,4,0
G,1764664671,13.081521667,-16.766645,14.1
C,1764664671.936,5,0
C,1764664691.933,4,0
G,1764664731,13.081485,-16.766675,14
C,1764664731.932,5,0
C,1764664751.933,4,0
p1,1764664770.1900,3.546,-67.16,-77.05,9.416
p1,1764664770.2120,3.565,-66.56,-77.44,10.51
p1,1764664770.3292,3.569,-67.06,-77.1,9.594
p1,1764664770.4610,3.542,-66.94,-77.1,9.728
C,1764664771.931,5,0
p1,1764664780.2892,3.535,-67.5,-77.31,9.329
p1,1764664780.3115,3.547,-67.69,-77.69,9.55
p1,1764664780.4285,3.544,-67.27,-77.36,9.642
p1,1764664780.5605,3.572,-68.18,-77.39,8.656
p1,1764664790.3890,3.53,-68.86,-76.27,6.531
p1,1764664790.4110,3.539,-68.65,-76.56,7.14
p1,1764664790.5280,3.528,-67.97,-76.63,8.021
p1,1764664790.6598,3.548,-68.61,-76.18,6.735
G,1764664791,13.081411667,-16.766758333,15.1
p1,1764664800.4882,3.558,-69.07,-77.01,7.173
p1,1764664800.5102,3.541,-68.2,-76.31,7.383
p1,1764664800.6275,3.541,-68.96,-76.68,6.917
p1,1764664800.7592,3.548,-68.49,-76.85,7.676
p1,1764664810.5877,3.549,-68.64,-77.07,7.757
p1,1764664810.6097,3.561,-68.53,-77.4,8.265
p1,1764664810.7267,3.54,-69.06,-76.73,6.854
p1,1764664810.8587,3.564,-68.92,-76.52,6.765
C,1764664811.934,4,0
p1,1764664820.6872,3.542,-68.7,-76.92,7.513
p1,1764664820.7090,3.546,-69.06,-76.58,6.673
p1,1764664820.8262,3.557,-68.84,-76.41,6.735
p1,1764664820.9582,3.564,-68.91,-77.15,7.539
p1,1764664830.7865,3.541,-69.32,-76.98,6.844
p1,1764664830.8085,3.533,-68.44,-76.38,7.183
p1,1764664831.0577,3.563,-68.76,-76.47,6.907
C,1764664831.935,5,0
p1,1764664840.8859,3.534,-69.06,-76.27,6.291
p1,1764664840.9080,3.556,-68.05,-76.63,7.927
p1,1764664841.0252,3.556,-68.97,-76.96,7.235
p1,1764664850.9854,3.542,-66.85,-76.67,9.343
p1,1764664851.0074,3.54,-67.19,-77.35,9.725
p1,1764664851.1247,3.553,-67.22,-77.4,9.748
p1,1764664851.2564,3.538,-67.79,-76.56,8.154
G,1764664851,13.081405,-16.76676,14.4
C,1764664851.935,4,0
p1,1764664861.0850,3.526,-67.23,-77.42,9.754
p1,1764664861.1067,3.563,-66.96,-77.63,10.27
p1,1764664861.2240,3.531,-67.78,-77.24,8.933
p1,1764664861.3559,3.549,-67.31,-77.27,9.498
p1,1764664871.1844,3.531,-67.91,-76.79,8.279
p1,1764664871.2062,3.539,-67.53,-77.23,9.205
p1,1764664871.3234,3.561,-68,-76.58,7.923
p1,1764664871.4552,3.551,-67.12,-76.98,9.388
p1,1764664881.2837,3.549,-67.22,-76.74,9.003
p1,1764664881.3057,3.544,-67.8,-77.07,8.722
p1,1764664881.4229,3.546,-67.84,-77.17,8.802
p1,1764664881.5547,3.534,-67.85,-77.2,8.817
p1,1764664891.3832,3.556,-68.95,-77.28,7.643
p1,1764664891.4052,3.559,-69.96,-77,6.077
p1,1764664891.5224,3.583,-69.68,-77.12,6.578
p1,1764664891.6542,3.549,-69.22,-76.58,6.477
C,1764664891.936,5,0
p1,1764664911.5822,3.551,-64.7,-77.65,12.73
p1,1764664911.6039,3.556,-65.18,-77.74,12.32
p1,1764664911.7212,3.547,-65.27,-77.25,11.69
G,1764664911,13.081368333,-16.766848333,14.8
p1,1764664911.8532,3.542,-64.93,-77.53,12.36
C,1764664911.936,4,0
p1,1764664921.6814,3.542,-64.56,-77.18,12.37
p1,1764664921.7034,3.564,-64.62,-76.51,11.6
p1,1764664921.8207,3.543,-64.72,-77.3,12.33
p1,1764664921.9524,3.536,-64.8,-77.45,12.41
p1,1764664931.7809,3.547,-68.27,-76.35,7.343
p1,1764664931.8029,3.547,-68.15,-75.82,6.857
C,1764664931.933,5,0
p1,1764664932.0519,3.563,-67.9,-76.51,7.968
p1,1764664941.8804,3.535,-67.46,-76.3,8.229
p1,1764664941.9024,3.55,-67.97,-76.43,7.796
p1,1764664942.0197,3.561,-67.19,-76.77,9.074
p1,1764664942.1514,3.545,-66.2,-76.12,9.451
p1,1764664951.9799,3.536,-65.46,-77.79,12.07
p1,1764664952.0019,3.546,-64.84,-77.29,12.19
p1,1764664952.1189,3.543,-65.78,-77.71,11.65
p1,1764664952.2506,3.542,-66.14,-77.66,11.2
p1,1764664962.0792,3.548,-66.58,-77.6,10.66
p1,1764664962.1011,3.548,-66.34,-77.73,11.07
p1,1764664962.2184,3.546,-65.7,-77.4,11.39
p1,1764664962.3501,3.547,-65.9,-77.29,11.06
G,1764664971,13.081475,-16.766953333,15.5
C,1764664971.935,4,0
p1,1764664972.1786,3.549,-65.02,-77.1,11.8
p1,1764664972.2006,3.549,-65.51,-77.38,11.58
p1,1764664972.3179,3.538,-66.37,-76.54,9.73
p1,1764664972.4496,3.533,-65.7,-76.93,10.89
p1,1764664982.2781,3.549,-68.71,-76.72,7.267
p1,1764664982.3001,3.575,-68.93,-76.91,7.223
p1,1764664982.4171,3.53,-69.6,-76.63,6.066
p1,1764664982.5491,3.552,-68.94,-76.86,7.151
C,1764664991.934,5,0
p1,1764664992.3776,3.559,-66.68,-76.34,9.156
p1,1764664992.3994,3.546,-67.91,-76.37,7.787
p1,1764664992.5166,3.568,-68.02,-76.32,7.601
p1,1764664992.6484,3.567,-67.22,-76.92,9.209
p1,1764665002.4771,3.537,-69.89,-77.08,6.263
p1,1764665002.4989,3.541,-69.12,-77.03,7.148
p1,1764665002.6161,3.53,-69.14,-76.16,6.059
p1,1764665002.7479,3.539,-68.87,-76.93,7.317
C,1764665011.936,4,0
p1,1764665012.5764,3.529,-64.31,-76.08,11.47
p1,1764665012.5984,3.553,-64.18,-76.07,11.59
p1,1764665012.7156,3.544,-64.01,-76.37,12.1
p1,1764665012.8474,3.549,-64.09,-76.01,11.63
p1,1764665022.6759,3.552,-66.36,-76.78,10.01
p1,1764665022.6979,3.569,-66.23,-76.16,9.469
p1,1764665022.8151,3.535,-66.58,-76.56,9.519
p1,1764665022.9469,3.531,-66.6,-76.53,9.469
G,1764665031,13.08155,-16.767155,14.5
p1,1764665032.7753,3.546,-66.22,-76.55,9.916
p1,1764665032.7974,3.539,-65.92,-76.76,10.47
p1,1764665032.9144,3.555,-66.14,-76.19,9.607
p1,1764665033.0461,3.553,-65.44,-76.65,10.87
p1,1764665042.8746,3.533,-65.65,-76.64,10.63
p1,1764665042.8966,3.554,-66.14,-77.27,10.78
p1,1764665043.0139,3.551,-65.85,-77.05,10.86
p1,1764665043.1456,3.533,-65.71,-76.13,10
C,1764665051.934,5,0
p1,1764665052.9741,3.551,-65.99,-76.62,10.24
p1,1764665052.9961,3.544,-65.96,-77.22,10.92
p1,1764665053.1133,3.549,-64.71,-76.51,11.51
p1,1764665053.2451,3.531,-66.04,-76.82,10.4
p1,1764665063.0736,3.549,-65.63,-76.48,10.48
p1,1764665063.0956,3.557,-65.61,-75.93,9.893
p1,1764665063.2126,3.548,-66.75,-76.46,9.22
p1,1764665063.3446,3.541,-66.29,-76.96,10.28
C,1764665071.933,4,0
p1,1764665073.1731,3.539,-65.23,-75.96,10.34
p1,1764665073.1951,3.571,-65.74,-76.31,10.18
p1,1764665073.3121,3.568,-65.67,-75.95,9.853
p1,1764665073.4441,3.531,-65.2,-76.3,10.76
p1,1764665083.2726,3.552,-65.23,-76.84,11.3
p1,1764665083.2943,3.541,-65.32,-77.38,11.79
p1,1764665083.4116,3.543,-66.07,-77.14,10.72
p1,1764665083.5433,3.549,-65.86,-76.38,10.12
G,1764665091,13.081466667,-16.767288333,15.2
C,1764665091.934,5,0
C,1764665119.548,5,0
C,1764665131.933,4,0
p1,1764665133.7698,3.538,-66.19,-76.06,9.394
p1,1764665133.7916,3.54,-65.84,-76.18,9.921
p1,1764665133.9088,3.57,-66.98,-76.52,9.019
p1,1764665134.0405,3.532,-67.41,-76.31,8.3
p1,1764665143.8690,3.529,-68.73,-77.35,7.971
p1,1764665143.8911,3.548,-67.62,-77.62,9.548
p1,1764665144.0080,3.521,-68.2,-77.2,8.417
p1,1764665144.1400,3.549,-68.3,-77.64,8.802
G,1764665151,13.081415,-16.767443333,15.8
C,1764665151.942,5,0
p1,1764665153.9685,3.541,-69.23,-76.37,6.211
p1,1764665153.9903,3.542,-69.33,-76.74,6.543
p1,1764665154.1075,3.581,-68.98,-76.55,6.74
p1,1764665154.2393,3.532,-68.68,-76.85,7.455
p1,1764665164.0678,3.547,-65.83,-77.37,11.22
p1,1764665164.0898,3.539,-66.75,-77.31,10.16
p1,1764665164.2070,3.556,-66.48,-77.43,10.59
p1,1764665164.3388,3.558,-66.15,-76.99,10.47
C,1764665171.936,4,0
p1,1764665174.1675,3.56,-67.84,-76.77,8.333
p1,1764665174.1893,3.558,-66.6,-76.73,9.688
p1,1764665174.3065,3.544,-66.24,-76.59,9.926
p1,1764665174.4383,3.563,-66.99,-76.64,9.153
p1,1764665184.2668,3.546,-67.43,-77.09,9.169
p1,1764665184.2888,3.552,-67.97,-76.67,8.074
p1,1764665184.4060,3.542,-67.81,-76.91,8.534
p1,1764665184.5378,3.547,-67.45,-76.81,8.823
p1,1764665194.3663,3.544,-67.54,-76.74,8.642
p1,1764665194.3883,3.537,-67.11,-76.91,9.317
p1,1764665194.5053,3.551,-67.6,-76.51,8.312
p1,1764665194.6372,3.542,-66.83,-76.54,9.214
p1,1764665204.4658,3.546,-65.01,-76.24,10.9
p1,1764665204.4875,3.551,-65.96,-76.58,10.23
p1,1764665204.6048,3.555,-66.28,-76.66,9.958
p1,1764665204.7368,3.545,-65.96,-76.62,10.27
G,1764665211,13.081391667,-16.76748,16.5
C,1764665211.937,5,0
p1,1764665214.5650,3.54,-67.3,-77.12,9.337
p1,1764665214.5870,3.568,-67.18,-77.1,9.455
p1,1764665214.7042,3.572,-66.73,-76.72,9.534
p1,1764665214.8360,3.543,-65.9,-76.85,10.58
p1,1764665224.6645,3.577,-65.28,-77.05,11.47
p1,1764665224.6865,3.553,-65.46,-76.85,11.06
p1,1764665224.8038,3.545,-64.85,-76.99,11.87
p1,1764665224.9355,3.559,-65.41,-76.49,10.72
C,1764665231.937,4,0
p1,1764665234.7640,3.569,-68.75,-76.44,6.877
p1,1764665234.7857,3.547,-68.5,-76.63,7.396
p1,1764665234.9032,3.527,-68.66,-77.07,7.738
p1,1764665235.0347,3.543,-68.81,-76.87,7.323
p1,1764665244.8632,3.526,-67.77,-77.21,8.918
p1,1764665244.8852,3.547,-68.22,-76.46,7.538
p1,1764665245.0025,3.546,-67.6,-77.11,8.994
p1,1764665245.1345,3.54,-68.5,-76.69,7.467
p1,1764665254.9628,3.551,-66.75,-75.67,8.317
p1,1764665254.9847,3.548,-67,-76.1,8.535
p1,1764665255.1020,3.548,-66.23,-75.45,8.663
p1,1764665255.2337,3.524,-66.58,-75.97,8.866
p1,1764665265.0622,3.545,-68.32,-76.7,7.691
p1,1764665265.0842,3.546,-69.57,-77.17,6.775
p1,1764665265.3332,3.557,-69.09,-77.2,7.373
G,1764665271,13.08139,-16.767598333,18.1
C,1764665271.937,5,0
p1,1764665285.2612,3.534,-68.89,-77.08,7.479
p1,1764665285.2830,3.537,-69.23,-77.41,7.461
p1,1764665285.4005,3.567,-68.31,-77.87,9.053
p1,1764665285.5320,3.539,-68.93,-77.15,7.502
C,1764665291.938,4,0
p1,1764665295.3605,3.552,-69.44,-76.47,6.068
p1,1764665295.3825,3.55,-67.96,-77.1,8.583
p1,1764665295.4997,3.546,-69.49,-76.63,6.198
p1,1764665295.6315,3.55,-68.54,-77.65,8.536
p1,1764665305.4600,3.551,-68.52,-77.36,8.226
p1,1764665305.4820,3.553,-68.73,-77.3,7.924
p1,1764665305.5992,3.564,-69.19,-76.69,6.642
p1,1764665305.7310,3.554,-69.32,-77.4,7.342
C,1764665311.937,5,0
p1,1764665315.5595,3.551,-68.27,-77.14,8.258
p1,1764665315.5812,3.556,-68.64,-76.97,7.634
p1,1764665315.6985,3.553,-69.2,-77.56,7.675
p1,1764665315.8304,3.562,-68.53,-77.24,8.083
p1,1764665325.6587,3.539,-69.23,-76.84,6.784
G,1764665331,13.081403333,-16.767633333,18.1
C,1764665331.942,4,0
p1,1764665345.8797,3.562,-69.53,-76.77,6.333
p1,1764665345.9970,3.544,-69.14,-77.34,7.487
p1,1764665346.1287,3.54,-69.23,-77.37,7.413
C,1764665371.939,5,0
G,1764665391,13.081426667,-16.767741667,19.2
C,1764665391.94,4,0
C,1764665431.938,5,0
G,1764665451,13.081388333,-16.767576667,21.5
C,1764665451.941,4,0
p1,1764665456.9514,3.536,-67.95,-76.74,8.175
p1,1764665456.9734,3.559,-68.46,-77.04,7.932
p1,1764665457.0906,3.538,-67.64,-76.92,8.73
p1,1764665457.2224,3.532,-67.82,-76.52,8.076
p1,1764665467.0509,3.518,-68.5,-76.68,7.464
p1,1764665467.0729,3.548,-68.84,-77.49,8.01
p1,1764665467.1901,3.543,-68.17,-77.98,9.34
p1,1764665467.3219,3.562,-68.86,-77.27,7.74
C,1764665471.941,5,0
p1,1764665477.1504,3.538,-69.52,-77.36,7.057
p1,1764665477.1721,3.549,-69.9,-77.39,6.636
p1,1764665477.2894,3.532,-70.57,-77.55,6.005
p1,1764665477.4214,3.536,-69.43,-77.41,7.232
p1,1764665487.2499,3.537,-69.11,-78.04,8.334
p1,1764665487.2719,3.551,-68.63,-78.33,9.208
p1,1764665487.3889,3.539,-68.85,-78.12,8.727
p1,1764665487.5208,3.556,-68.54,-78.36,9.344
C,1764665491.94,4,0
p1,1764665497.3491,3.575,-70.93,-78.11,6.251
p1,1764665497.3711,3.536,-71.04,-78.46,6.555
p1,1764665497.4884,3.551,-70.75,-77.88,6.194
p1,1764665497.6201,3.536,-70.88,-77.88,6.026
p1,1764665507.4486,3.534,-70.09,-77.79,6.889
p1,1764665507.4706,3.558,-70.37,-78.2,7.041
p1,1764665507.5879,3.545,-70.1,-78.15,7.316
p1,1764665507.7196,3.55,-69.36,-78.52,8.602
G,1764665511,13.081391667,-16.767568333,21.3
p1,1764665517.5481,3.516,-70.61,-78.59,7.231
p1,1764665517.5701,3.557,-70.8,-78.74,7.181
p1,1764665517.6873,3.529,-69.89,-78.19,7.601
p1,1764665517.8188,3.529,-69.59,-78.69,8.525
p1,1764665527.6473,3.547,-71.13,-78.39,6.352
p1,1764665527.6696,3.547,-71.21,-79.03,7.041
p1,1764665527.9183,3.547,-70.83,-78.39,6.714
C,1764665531.938,5,0
p1,1764665537.7468,3.553,-70.8,-78.73,7.163
p1,1764665537.7688,3.566,-70.2,-78.69,7.824
p1,1764665537.8861,3.545,-70.27,-78.23,7.202
p1,1764665538.0178,3.551,-70.74,-78.61,7.097
p1,1764665547.8463,3.573,-69.99,-78.58,7.945
p1,1764665547.8683,3.548,-70.46,-78.76,7.6
p1,1764665547.9856,3.537,-70.93,-78.91,7.23
p1,1764665548.1173,3.519,-70.39,-79.01,7.987
C,1764665551.941,4,0
p1,1764665557.9458,3.542,-69.81,-78.84,8.452
p1,1764665557.9678,3.547,-70.59,-78.23,6.81
p1,1764665558.0848,3.545,-70.64,-78.71,7.341
p1,1764665558.2168,3.542,-70.94,-78.16,6.314
p1,1764665568.0456,3.552,-70.55,-78.6,7.306
p1,1764665568.0673,3.546,-70.04,-79.38,8.8
p1,1764665568.1843,3.549,-70.15,-78.82,8.029
p1,1764665568.3163,3.558,-69.54,-78.8,8.707
G,1764665571,13.081388333,-16.767576667,21.6
C,1764665571.951,5,0
p1,1764665578.1446,3.546,-70.41,-78.58,7.451
p1,1764665578.1666,3.539,-70.02,-78.32,7.598
p1,1764665578.2838,3.541,-69.74,-78.85,8.531
p1,1764665578.4158,3.564,-70.19,-78.5,7.609
p1,1764665588.2441,3.546,-69.71,-79.25,9.022
p1,1764665588.2661,3.545,-70.25,-78.29,7.297
p1,1764665588.3833,3.554,-70.33,-78.94,7.966
p1,1764665588.5150,3.557,-70.8,-78.26,6.607
p1,1764665598.3436,3.521,-70.55,-78.91,7.676
p1,1764665598.3656,3.546,-70.91,-78.52,6.772
p1,1764665598.4828,3.567,-70.67,-78.22,6.704
p1,1764665598.6145,3.552,-70.37,-78.88,7.849
p1,1764665608.4428,3.527,-70.52,-78.54,7.276
p1,1764665608.4650,3.594,-70.22,-78.53,7.609
p1,1764665608.5821,3.531,-69.86,-78.27,7.728
p1,1764665608.7140,3.534,-70.78,-78.97,7.475
C,1764665611.94,4,0
p1,1764665618.5425,3.542,-70.32,-77.86,6.704
p1,1764665618.5643,3.546,-69.78,-78.56,8.162
p1,1764665618.6816,3.553,-70.85,-79.42,7.924
p1,1764665618.8133,3.544,-69.85,-78.73,8.271
p1,1764665628.6418,3.524,-69.41,-78.4,8.405
p1,1764665628.6638,3.558,-69.78,-78.47,8.055
p1,1764665628.7810,3.534,-70.63,-78.72,7.354
p1,1764665628.9128,3.546,-70.84,-78.2,6.474
G,1764665631,13.081386667,-16.767583333,22.3
C,1764665631.944,5,0
p1,1764665638.7413,3.56,-71.13,-78.31,6.265
p1,1764665638.7633,3.54,-69.9,-78.22,7.625
p1,1764665638.8803,3.565,-69.38,-78.43,8.472
p1,1764665639.0120,3.53,-70.32,-78.72,7.725
p1,1764665648.8408,3.543,-69.76,-78.68,8.322
p1,1764665648.8625,3.544,-71.02,-78.2,6.266
p1,1764665648.9798,3.544,-69.95,-78.35,7.721
p1,1764665649.1115,3.529,-70.55,-78.78,7.53
C,1764665651.942,4,0
p1,1764665658.9400,3.535,-70.32,-79.15,8.22
p1,1764665658.9620,3.546,-70.08,-78.83,8.125
p1,1764665659.0793,3.559,-69.69,-78.24,7.899
p1,1764665659.2110,3.579,-69.81,-78.66,8.249
p1,1764665669.0395,3.54,-70.54,-78.27,6.92
p1,1764665669.0615,3.522,-71.31,-78.47,6.232
p1,1764665669.1788,3.552,-70.68,-78.97,7.603
p1,1764665669.3105,3.545,-70.33,-78.4,7.338
p1,1764665679.1390,3.541,-70.74,-78.62,7.096
p1,1764665679.1610,3.549,-71.16,-78.77,6.791
p1,1764665679.2780,3.551,-71.22,-79.18,7.203
p1,1764665679.4100,3.544,-70.42,-77.97,6.714
p1,1764665689.2385,3.519,-70.43,-78.33,7.137
p1,1764665689.2603,3.545,-70.43,-78.2,6.982
p1,1764665689.3775,3.552,-70.1,-79.05,8.364
p1,1764665689.5095,3.544,-70.72,-78.72,7.252
G,1764665691,13.081386667,-16.767588333,22.7
C,1764665691.94,5,0
p1,1764665699.3377,3.536,-70.52,-79.01,7.828
p1,1764665699.3600,3.56,-70.99,-78.33,6.465
p1,1764665699.4770,3.533,-70.89,-79,7.381
p1,1764665699.6088,3.552,-70.16,-78.2,7.304
p1,1764665709.4373,3.556,-69.7,-78.93,8.68
p1,1764665709.4593,3.555,-69.77,-78.62,8.239
p1,1764665709.5765,3.537,-70.31,-78.69,7.7
p1,1764665709.7082,3.548,-70.56,-78.69,7.406
C,1764665711.942,4,0
p1,1764665719.5367,3.524,-71.11,-78.86,6.949
p1,1764665719.5587,3.554,-71.04,-78.68,6.817
p1,1764665719.6760,3.58,-70.49,-78.19,6.886
p1,1764665719.8078,3.553,-69.44,-78.34,8.306
C,1764665719.959,4,0
p1,1764665729.6363,3.554,-70.03,-78.96,8.329
p1,1764665729.6580,3.571,-69.89,-78.46,7.916
p1,1764665729.7752,3.532,-70.25,-78.8,7.891
p1,1764665729.9070,3.554,-69.95,-78.91,8.365
C,1764665731.941,5,0
p1,1764665739.7355,3.526,-70.79,-78.84,7.315
p1,1764665739.8747,3.561,-71.72,-78.76,6.079
p1,1764665740.0065,3.558,-71.19,-79.02,7.039
G,1764665751,13.081388333,-16.767595,22.1
p1,1764665759.9345,3.521,-58.47,-78.26,19.75
p1,1764665759.9565,3.519,-58.33,-78.34,19.97
p1,1764665760.0735,3.517,-59.07,-78.37,19.25
p1,1764665760.2055,3.521,-59.95,-78.32,18.31
p1,1764665770.0340,3.507,-67.5,-78.55,10.7
p1,1764665770.0557,3.523,-68.2,-78.59,9.977
p1,1764665770.1730,3.494,-67.95,-78.47,10.13
p1,1764665770.3050,3.508,-68,-78.56,10.16
C,1764665771.943,4,0
p1,1764665780.1332,3.477,-70.63,-78.62,7.229
p1,1764665780.1552,3.472,-69.77,-78.72,8.356
p1,1764665780.2725,3.466,-69.44,-78.82,8.854
C,1764665791.944,5,0
p1,1764665810.4317,3.409,-66.1,-78.29,11.92
p1,1764665810.4535,3.428,-66.11,-78.63,12.27
p1,1764665810.5707,3.425,-66.81,-78.41,11.29
p1,1764665810.7027,3.445,-69.72,-78.42,8.071
G,1764665811,13.081388333,-16.767598333,22.8
C,1764665811.943,4,0
p1,1764665820.8019,3.439,-70.27,-78.64,7.685
p1,1764665830.6304,3.406,-70.13,-79.01,8.273
p1,1764665830.6525,3.416,-69.59,-78.63,8.456
p1,1764665830.7697,3.412,-68.93,-78.75,9.338
p1,1764665830.9014,3.421,-69.8,-78.69,8.291
p1,1764665840.7299,3.413,-62.72,-78.82,15.99
p1,1764665840.7520,3.414,-62.16,-78.71,16.45
p1,1764665840.8689,3.423,-58.65,-78.17,19.47
p1,1764665841.0009,3.425,-57.19,-77.98,20.76
p1,1764665850.8292,3.426,-61.98,-78.54,16.46
p1,1764665850.8294,4.633,-71.49,-80.25,8.144
p1,1764665850.8512,3.433,-61.28,-78.7,17.35
p1,1764665850.9684,3.449,-61.58,-78.37,16.7
p1,1764665851.1002,3.435,-63.31,-78.42,14.97
p1,1764665851.1004,4.637,-73.15,-80.62,6.612
C,1764665851.948,5,0
p1,1764665860.9287,3.433,-59.87,-78.45,18.52
p1,1764665860.9507,3.436,-59.65,-78.66,18.96
p1,1764665861.0679,3.422,-58.12,-78.3,20.14
p1,1764665861.1997,3.425,-57.95,-78.64,20.65
p1,1764665871.0282,3.427,-56.91,-78.69,21.75
p1,1764665871.0502,3.432,-57.02,-79.38,22.33
p1,1764665871.1674,3.43,-56.48,-78.85,22.34
p1,1764665871.2992,3.427,-55.06,-78.29,23.21
G,1764665871,13.081386667,-16.7676,23.2
C,1764665871.949,4,0
p1,1764665881.1277,3.429,-54.31,-78.04,23.71
p1,1764665881.1497,3.425,-54.28,-77.51,23.21
p1,1764665881.2667,3.417,-55.61,-77.75,22.11
p1,1764665881.3987,3.416,-57.35,-78.08,20.69
p1,1764665891.2269,3.403,-64.08,-78.63,14.39
p1,1764665891.2489,3.421,-63.75,-78.71,14.82
p1,1764665891.3661,3.425,-64.93,-78.72,13.61
p1,1764665891.4979,3.403,-64.95,-78.39,13.24
C,1764665891.948,5,0
p1,1764665901.3264,3.485,-60.41,-78.48,18.01
p1,1764665901.3484,3.482,-60.65,-78.55,17.82
p1,1764665901.4656,3.487,-61.49,-78.88,17.31
p1,1764665901.5974,3.49,-59.98,-78.73,18.69
p1,1764665911.4259,3.436,-66.71,-78.58,11.58
p1,1764665911.4479,3.408,-66.45,-78.69,11.97
p1,1764665911.5652,3.423,-67.04,-78.97,11.63
p1,1764665911.6969,3.406,-66.71,-78.87,11.88
p1,1764665921.5254,3.336,-70.24,-78.66,7.746
p1,1764665921.5474,3.38,-70.02,-78.17,7.435
p1,1764665921.6644,3.34,-69.66,-78.95,8.747
p1,1764665921.7964,3.342,-70.08,-79.03,8.359
p1,1764665931.6249,3.449,-62.57,-78.17,15.48
p1,1764665931.6466,3.446,-62.29,-78.25,15.84
p1,1764665931.6469,-4.634,-71.86,-80.58,8.098
p1,1764665931.7639,3.45,-61.81,-79.19,17.3
G,1764665931,13.08139,-16.767601667,23.8
C,1764665931.949,4,0
p1,1764665931.8956,3.435,-61.78,-77.74,15.85
p1,1764665941.7244,3.451,-71.2,-78.56,6.473
p1,1764665941.7461,3.399,-69.17,-79.05,9.409
p1,1764665941.8634,3.42,-71.68,-78.9,6.311
p1,1764665941.9951,3.439,-71.29,-79.04,6.945
p1,1764665951.8236,3.465,-43.38,-76.51,33.13
p1,1764665951.8456,3.469,-43.49,-77.38,33.88
C,1764665951.947,5,0
p1,1764665951.9629,3.435,-48.63,-76.81,28.17
p1,1764665952.0946,3.45,-51.78,-78.52,26.73
p1,1764665961.9231,3.433,-41.13,-75.55,34.42
p1,1764665961.9451,3.436,-41.16,-74.3,33.14
p1,1764665962.0621,3.429,-40.9,-67.68,26.77
p1,1764665962.0624,4.633,-51.66,-70.57,18.85
p1,1764665962.1941,3.435,-40.65,-73.74,33.08
C,1764665971.949,4,0
p1,1764665972.0226,3.411,-58.14,-78.65,20.48
p1,1764665972.0446,3.423,-59.11,-78.89,19.73
p1,1764665972.1616,3.412,-62.64,-78.97,16.23
p1,1764665972.2936,3.419,-57.63,-78.17,20.5
p1,1764665982.1219,3.425,-46.18,-73.07,26.88
p1,1764665982.1439,3.431,-45.78,-74.24,28.46
p1,1764665982.2611,3.435,-46.16,-78.34,32.18
p1,1764665982.3928,3.437,-43.6,-72.61,29
G,1764665991,13.081391667,-16.7676,24.4
p1,1764665992.2213,3.342,-43.98,-75.83,31.85
p1,1764665992.2433,3.355,-44.08,-76.96,32.88
p1,1764665992.3606,3.342,-45.59,-76.88,31.28
p1,1764665992.4924,3.32,-48.33,-78.02,29.68
p1,1764666002.3208,3.348,-45.46,-78.18,32.72
p1,1764666002.3428,3.365,-45.35,-77.39,32.03
p1,1764666002.4598,3.362,-45.9,-53.09,6.265
p1,1764666002.4601,3.365,-44.63,-72.69,28.05
p1,1764666002.5918,3.356,-43.08,-76.9,33.81
C,1764666011.947,5,0
p1,1764666012.4204,3.274,-36.91,-71.23,34.32
p1,1764666012.4423,3.285,-36.96,-68.19,31.23
p1,1764666012.5593,3.279,-38.07,-67.82,29.75
p1,1764666012.6913,3.28,-38.15,-70.13,31.98
p1,1764666022.5198,3.278,-34.39,-62.4,28.01
p1,1764666022.5416,3.288,-34.47,-62.36,27.88
p1,1764666022.6588,3.306,-32.53,-67.29,34.76
p1,1764666022.7906,3.295,-33.36,-60.99,27.62
C,1764666031.947,4,0
p1,1764666032.6191,3.258,-33.61,-63.38,29.76
p1,1764666032.6411,3.266,-33.88,-66.79,32.91
p1,1764666032.7583,3.259,-34.83,-73.4,38.57
p1,1764666032.8901,3.261,-33.63,-65.71,32.08
p1,1764666042.7186,3.402,-11.44,-49.07,37.62
p1,1764666042.7406,3.407,-11.56,-51.55,39.98
p1,1764666042.8578,3.409,-12.28,-45.74,33.46
p1,1764666042.9896,3.407,-12.3,-52.26,39.96
G,1764666051,13.081386667,-16.7676,24.6
p1,1764666052.8181,3.407,-7.799,-47.82,40.02
p1,1764666052.8401,3.413,-7.808,-43.06,35.25
p1,1764666052.9573,3.41,-7.767,-36.12,28.35
p1,1764666053.0891,3.409,-7.66,-45.64,37.98
p1,1764666062.9176,3.409,-9.42,-41.72,32.3
p1,1764666062.9396,3.415,-9.445,-39.73,30.28
p1,1764666063.0566,3.409,-9.32,-39.46,30.13
p1,1764666063.1886,3.412,-9.308,-39.28,29.97
C,1764666071.947,5,0
p1,1764666073.0171,3.419,-15.47,-43.77,28.29
p1,1764666073.0388,3.419,-14.83,-43.75,28.92
p1,1764666073.1561,3.417,-12.35,-50.31,37.96
p1,1764666073.2878,3.416,-10.84,-39.01,28.16
p1,1764666083.1163,3.411,-38.4,-70,31.6
p1,1764666083.1383,3.418,-37.36,-70.96,33.59
p1,1764666083.2556,3.413,-30.4,-68.67,38.26
p1,1764666083.3873,3.41,-30.46,-65.12,34.66
C,1764666091.949,4,0
p1,1764666093.2158,3.42,-44.72,-77.23,32.51
p1,1764666093.2378,3.427,-43.82,-77.2,33.38
p1,1764666093.3550,3.437,-40.48,-72.04,31.55
p1,1764666093.4868,3.432,-40.72,-76.59,35.86
p1,1764666103.3153,3.386,-42.18,-76.14,33.96
p1,1764666103.3373,3.391,-42.34,-75.1,32.76
p1,1764666103.4543,3.4,-42.68,-69.42,26.73
p1,1764666103.5863,3.387,-42.24,-74.95,32.71
G,1764666111,13.081383333,-16.767601667,24.8
C,1764666111.949,5,0
p1,1764666113.4148,3.399,-47.46,-75.28,27.82
p1,1764666113.4368,3.388,-47.63,-73.91,26.27
p1,1764666113.5538,3.384,-48.41,-76.85,28.43
p1,1764666113.6858,3.39,-48.66,-75.39,26.72
p1,1764666123.5140,3.382,-53.4,-76.54,23.13
p1,1764666123.5360,3.395,-53.96,-77.33,23.35
p1,1764666123.6533,3.393,-55.81,-78.37,22.54
p1,1764666123.7850,3.387,-56.63,-77.95,21.3
C,1764666131.952,4,0
p1,1764666133.6135,3.382,-62.86,-78.89,15.92
p1,1764666133.6138,4.63,-73.41,-80.59,6.247
p1,1764666133.6355,3.374,-62.96,-78.84,15.77
p1,1764666133.7528,3.386,-64.03,-78.57,14.38
p1,1764666133.8845,3.391,-66.16,-78.84,12.44
p1,1764666143.7130,3.384,-59.79,-78.9,19.06
p1,1764666143.7351,3.407,-59.32,-78.92,19.55
p1,1764666143.8523,3.4,-55.12,-78.15,23.01
p1,1764666143.9840,3.41,-51.21,-78.81,27.59
p1,1764666153.8125,3.381,-49.57,-77.58,28
p1,1764666153.8345,3.385,-50.11,-77.32,27.21
p1,1764666153.9515,3.374,-53.95,-77.3,23.33
p1,1764666154.0835,3.387,-57.82,-78.47,20.61
p1,1764666163.9120,3.372,-53.22,-77.21,23.97
p1,1764666163.9340,3.374,-52.17,-76.27,24.09
p1,1764666164.0510,3.371,-48.56,-77.14,28.58
p1,1764666164.1830,3.372,-46.89,-73.81,26.91
G,1764666171,13.081381667,-16.7676,24.8
C,1764666171.952,5,0
p1,1764666174.0115,3.362,-55.5,-77.17,21.64
p1,1764666174.0333,3.393,-55.26,-77.55,22.26
p1,1764666174.1505,3.359,-52.87,-78.31,25.43
p1,1764666174.2823,3.357,-51.63,-76.67,25.02
p1,1764666184.1107,3.39,-66.75,-78.65,11.62
p1,1764666184.1327,3.353,-65.81,-78.11,12.04
p1,1764666184.2500,3.304,-63.75,-78.3,14.39
p1,1764666184.3818,3.375,-61.8,-78.91,17.02
C,1764666191.949,4,0
p1,1764666194.2103,3.331,-53.86,-78.01,24.14
p1,1764666194.2323,3.368,-53.8,-78.52,24.71
p1,1764666194.3495,3.349,-53.87,-77.32,23.44
p1,1764666194.4813,3.352,-52.77,-78.22,25.44
p1,1764666204.3098,3.435,-58.99,-78.75,19.72
p1,1764666204.3318,3.44,-59.45,-78.54,19.04
p1,1764666204.4487,3.43,-61.19,-78.39,17.12
p1,1764666204.4490,4.632,-72.19,-80.27,7.347
p1,1764666204.5807,3.424,-64.65,-78.49,13.66
p1,1764666214.4092,3.448,-53.13,-77.18,24.03
p1,1764666214.4312,3.453,-53.55,-76.3,22.73
p1,1764666214.5482,3.447,-52.57,-77.61,25.02
p1,1764666214.6802,3.449,-50.59,-76.06,25.45
p1,1764666224.5085,3.409,-55.49,-76.93,21.41
p1,1764666224.5305,3.397,-56.22,-77.88,21.63
p1,1764666224.6477,3.386,-53.29,-78.18,24.87
p1,1764666224.7795,3.387,-54.18,-77.13,22.93
G,1764666231,13.081376667,-16.767598333,24.8
C,1764666231.953,5,0
p1,1764666234.6080,3.328,-62.62,-78.67,15.94
p1,1764666234.6300,3.381,-62.29,-78.82,16.43
p1,1764666234.7472,3.358,-64.02,-78.86,14.69
p1,1764666234.8790,3.326,-63.01,-78.82,15.7
p1,1764666244.7075,3.346,-49,-78.46,29.45
p1,1764666244.7295,3.354,-48.52,-77.81,29.28
p1,1764666244.8467,3.338,-49.94,-76.52,26.57
p1,1764666244.9785,3.343,-51,-77.8,26.78
C,1764666251.95,4,0
p1,1764666254.8070,3.349,-44.61,-76.02,31.41
p1,1764666254.8290,3.361,-44.62,-74.51,29.88
p1,1764666254.9460,3.345,-45.26,-73.65,28.38
p1,1764666255.0780,3.35,-44.92,-75.27,30.35
p1,1764666264.9064,3.336,-36.69,-65.06,28.36
p1,1764666264.9282,3.349,-36.6,-64.6,27.99
p1,1764666265.0454,3.343,-36.87,-71.24,34.37
p1,1764666265.1772,3.343,-37.3,-64.33,27.03
C,1764666271.948,5,0
p1,1764666275.0057,3.291,-40.52,-69.7,29.17
p1,1764666275.0277,3.297,-40.5,-71.66,31.16
p1,1764666275.1449,3.299,-39.81,-75.77,35.95
p1,1764666275.2767,3.301,-39.47,-70.73,31.26
p1,1764666285.1052,3.315,-16.6,-51.93,35.33
p1,1764666285.1272,3.316,-16.13,-56.3,40.16
p1,1764666285.2445,3.281,-14.12,-49.08,34.96
p1,1764666285.3762,3.273,-13.72,-51.82,38.1
G,1764666291,13.081376667,-16.767598333,24.9
C,1764666291.953,4,0
p1,1764666295.2047,3.33,-12.25,-52.3,40.05
p1,1764666295.2267,3.344,-12.28,-49.38,37.1
p1,1764666295.3439,3.337,-12.48,-40.5,28.01
p1,1764666295.4757,3.336,-12.42,-50.34,37.92
p1,1764666305.3042,3.362,-11.16,-43.61,32.44
p1,1764666305.3262,3.378,-11.15,-41.38,30.22
p1,1764666305.4432,3.363,-11.16,-41.11,29.94
p1,1764666305.5752,3.367,-11.26,-41.33,30.06
p1,1764666315.4037,3.468,-3.779,-32.12,28.34
p1,1764666315.4255,3.466,-3.634,-32.85,29.22
p1,1764666315.5427,3.463,-3.833,-41.7,37.87
p1,1764666315.6744,3.462,-4.969,-33.14,28.17
C,1764666320.403,4,0
p1,1764666325.5029,3.468,-6.404,-39,32.6
p1,1764666325.5249,3.47,-6.115,-41.04,34.92
p1,1764666325.6422,3.471,-6.324,-43.96,37.63
p1,1764666325.7739,3.468,-7.78,-43.01,35.23
C,1764666331.955,5,0
p1,1764666335.6024,3.471,-7.482,-47.72,40.24
p1,1764666335.6244,3.473,-7.51,-47.79,40.27
p1,1764666335.7417,3.473,-7.252,-37.93,30.67
p1,1764666335.8734,3.471,-7.025,-47.29,40.27
p1,1764666345.7019,3.477,-7.763,-42.85,35.09
p1,1764666345.7239,3.48,-7.935,-40.62,32.68
p1,1764666345.8409,3.477,-8.307,-37.03,28.71
p1,1764666345.9729,3.481,-6.721,-39.39,32.67
G,1764666351,13.081115,-16.767708333,23.9
C,1764666351.952,4,0
p1,1764666355.8014,3.446,-4.774,-33,28.22
p1,1764666355.8232,3.451,-5.365,-33.55,28.18
p1,1764666355.9404,3.483,-7.55,-43.71,36.16
p1,1764666356.0722,3.478,-8.827,-37.36,28.53
p1,1764666365.9007,3.41,-3.147,-35.85,32.7
p1,1764666365.9227,3.416,-3.081,-40.23,37.15
p1,1764666366.0399,3.414,-3.157,-40.5,37.34
p1,1764666366.1717,3.433,-2.872,-38.13,35.26
C,1764666371.951,5,0
p1,1764666376.0002,3.399,-3.965,-43.85,39.88
p1,1764666376.0222,3.406,-4.065,-42.8,38.73
p1,1764666376.1394,3.408,-5.418,-35.59,30.17
p1,1764666376.2712,3.409,-6.236,-46.37,40.13
p1,1764666386.0997,3.386,-7.712,-42.8,35.09
p1,1764666386.1217,3.392,-7.934,-38.64,30.7
p1,1764666386.2387,3.398,-7.9,-38.09,30.18
p1,1764666386.3706,3.388,-8.219,-40.79,32.57
p1,1764666396.1991,3.472,-8.648,-37.07,28.42
p1,1764666396.2209,3.471,-8.708,-37.34,28.62
p1,1764666396.3381,3.472,-10.42,-48.66,38.23
p1,1764666396.4699,3.47,-11.11,-39.36,28.24
p1,1764666406.2984,3.469,-14.61,-47.15,32.54
p1,1764666406.3204,3.472,-14.79,-49.95,35.15
p1,1764666406.4377,3.475,-10.61,-48.5,37.89
p1,1764666406.5694,3.472,-12.8,-47.87,35.06
G,1764666411,13.080535,-16.767766667,14.9
C,1764666411.955,4,0
p1,1764666416.3979,3.483,-8.711,-48.86,40.15
p1,1764666416.4199,3.486,-9.218,-48.14,38.93
p1,1764666416.5371,3.485,-11.2,-41.44,30.24
p1,1764666416.6689,3.485,-11.55,-51.79,40.24
p1,1764666426.4974,3.488,-9.262,-44.67,35.4
p1,1764666426.5194,3.491,-8.773,-39.44,30.66
p1,1764666426.6364,3.486,-9.549,-40.02,30.47
p1,1764666426.7684,3.488,-12.33,-45.1,32.77
C,1764666431.951,5,0
p1,1764666436.5969,3.493,-10.81,-39.14,28.32
p1,1764666436.6186,3.493,-11.39,-41.41,30.01
p1,1764666436.7359,3.492,-12.59,-50.53,37.94
p1,1764666436.8676,3.49,-12.37,-40.63,28.25
p1,1764666446.6961,3.457,-2.809,-35.48,32.67
p1,1764666446.7181,3.464,-2.733,-41.25,38.52
p1,1764666446.8354,3.472,-2.644,-40.66,38.02
p1,1764666446.9671,3.469,-2.946,-38.41,35.46
C,1764666451.954,4,0
p1,1764666456.7956,3.481,-2.771,-42.91,40.14
p1,1764666456.8176,3.485,-2.758,-41.14,38.38
p1,1764666456.9349,3.49,-3.149,-31.85,28.7
p1,1764666457.0666,3.485,-4.763,-42.79,38.03
p1,1764666466.8951,3.482,-2.89,-35.36,32.46
p1,1764666466.9171,3.484,-2.894,-32.13,29.23
p1,1764666467.0341,3.49,-2.885,-35.3,32.41
p1,1764666467.1681,3.486,-3.128,-33.58,30.45
G,1764666471,13.079906667,-16.767696667,22.8
p1,1764666476.9944,3.422,-11.06,-39.13,28.07
p1,1764666477.0163,3.43,-10.7,-42.41,31.71
p1,1764666477.1336,3.431,-8.644,-48.67,40.03
p1,1764666477.2653,3.424,-4.646,-34.69,30.04
p1,1764666487.0938,3.422,-8.915,-44.12,35.21
p1,1764666487.1158,3.428,-9.469,-49.75,40.29
p1,1764666487.2331,3.427,-13.2,-48.33,35.13
p1,1764666487.3649,3.423,-11.98,-49.99,38
C,1764666491.953,5,0
p1,1764666497.1933,3.416,-7.863,-45.43,37.57
p1,1764666497.2153,3.423,-8.262,-43.39,35.12
p1,1764666497.3326,3.42,-10.95,-38.42,27.46
p1,1764666497.4643,3.41,-10.41,-45.37,34.95
p1,1764666507.2928,3.422,-8.865,-39.17,30.3
p1,1764666507.3148,3.426,-9.346,-37.63,28.28
p1,1764666507.4318,3.414,-9.161,-43.07,33.91
p1,1764666507.5638,3.427,-9.101,-37.44,28.34
C,1764666511.953,4,0
p1,1764666517.3921,3.41,-11.04,-41.14,30.1
p1,1764666517.4141,3.414,-10.79,-43.08,32.28
p1,1764666517.5313,3.424,-9.841,-49.74,39.9
p1,1764666517.6631,3.43,-7.525,-39.89,32.36
p1,1764666527.4916,3.422,-10.38,-48.05,37.66
p1,1764666527.5136,3.423,-10.27,-49.71,39.44
p1,1764666527.6308,3.429,-9.065,-41.49,32.42
p1,1764666527.7626,3.44,-9.374,-49.38,40.01
G,1764666531,13.079596667,-16.768263333,18
p1,1764666537.5911,3.447,-7.475,-45.47,38
p1,1764666537.6131,3.448,-7.361,-39.99,32.63
p1,1764666537.7301,3.44,-6.969,-35.3,28.32
p1,1764666537.8621,3.45,-5.067,-40.37,35.3
p1,1764666547.6906,3.488,-5.857,-36.16,30.3
p1,1764666547.7123,3.484,-5.776,-33.66,27.87
p1,1764666547.8296,3.485,-5.226,-40.4,35.17
p1,1764666547.9616,3.49,-4.858,-33.12,28.25
C,1764666551.955,5,0
p1,1764666557.7898,3.403,-11.69,-41.76,30.07
p1,1764666557.8118,3.406,-11.43,-46.17,34.74
p1,1764666557.9291,3.41,-9.967,-50.1,40.13
p1,1764666558.0608,3.426,-8.617,-40.91,32.29
p1,1764666567.8893,3.404,-6.845,-44.53,37.68
p1,1764666567.9113,3.411,-7.233,-47.34,40.11
p1,1764666568.0286,3.411,-8.822,-41.4,32.57
p1,1764666568.1603,3.408,-8.476,-47.79,39.31
C,1764666571.956,4,0
p1,1764666577.9888,3.394,-5.898,-41.22,35.32
p1,1764666578.0108,3.389,-6.141,-38.65,32.51
p1,1764666578.1278,3.398,-6.757,-34.8,28.04
p1,1764666578.2598,3.388,-6.242,-38.66,32.41
p1,1764666588.0883,3.416,-5.522,-33.77,28.24
p1,1764666588.1101,3.419,-5.893,-34.12,28.22
p1,1764666588.2273,3.417,-5.877,-40.82,34.94
p1,1764666588.3591,3.418,-8.281,-35.94,27.66
G,1764666591,13.079506667,-16.768915,20.6
C,1764666591.959,5,0
p1,1764666598.1876,3.436,-8.754,-40.58,31.82
p1,1764666598.2095,3.45,-9.288,-44.26,34.97
p1,1764666598.3268,3.484,-8.125,-47.42,39.29
p1,1764666598.4585,3.459,-6.558,-41.21,34.65
p1,1764666608.2871,3.447,-2.565,-41.08,38.51
p1,1764666608.3090,3.453,-2.598,-43.03,40.43
p1,1764666608.4263,3.452,-2.689,-33.69,30.99
p1,1764666608.5580,3.454,-2.507,-42.83,40.32
C,1764666611.957,4,0
p1,1764666618.3865,3.399,-4.304,-39.1,34.79
p1,1764666618.4086,3.407,-4.268,-36.79,32.52
p1,1764666618.5255,3.421,-3.192,-34.2,31.01
p1,1764666618.6575,3.397,-3.699,-36.19,32.49
p1,1764666628.4860,3.485,-2.595,-31.08,28.48
p1,1764666628.5078,3.485,-2.587,-30.94,28.35
p1,1764666628.6250,3.498,-2.847,-41.84,38.99
p1,1764666628.7568,3.476,-3.143,-31.09,27.94
p1,1764666638.5853,3.4,-3.366,-34.46,31.09
p1,1764666638.6073,3.39,-3.315,-38.34,35.02
p1,1764666638.7245,3.396,-3.532,-42.74,39.21
p1,1764666638.8563,3.395,-2.957,-36.56,33.6
p1,1764666648.6848,3.476,-2.539,-40.1,37.56
p1,1764666648.7068,3.478,-2.563,-43.14,40.58
p1,1764666648.8240,3.477,-2.605,-34.61,32
p1,1764666648.9558,3.477,-2.46,-41.15,38.69
G,1764666651,13.07928,-16.769511667,20
C,1764666651.955,5,0
p1,1764666658.7843,3.406,-3.011,-39.74,36.73
p1,1764666658.8063,3.411,-2.995,-35.17,32.18
p1,1764666658.9233,3.401,-3.113,-31.13,28.01
p1,1764666659.0553,3.41,-2.971,-35.98,33.01
p1,1764666668.8838,3.399,-3.177,-33.01,29.83
p1,1764666668.9064,3.399,-3.183,-30.7,27.51
p1,1764666669.0227,3.398,-3.058,-37.73,34.67
p1,1764666669.1548,3.401,-3.116,-31.07,27.94
C,1764666671.958,4,0
p1,1764666678.9830,3.439,-2.757,-32.69,29.93
p1,1764666679.0050,3.44,-2.68,-35.03,32.35
p1,1764666679.1223,3.438,-2.657,-43.58,40.93
p1,1764666679.2540,3.435,-2.723,-34.8,32.07
p1,1764666689.0825,3.407,-3.032,-40.51,37.48
p1,1764666689.1045,3.412,-3.012,-44.78,41.77
p1,1764666689.2217,3.427,-2.983,-35.3,32.31
p1,1764666689.3535,3.439,-2.881,-42.93,40.05
p1,1764666699.1820,3.431,-2.809,-40.01,37.2
p1,1764666699.2040,3.436,-2.827,-37.78,34.95
p1,1764666699.3210,3.429,-5.717,-30.34,24.61
p1,1764666699.3212,3.433,-2.867,-29.85,26.97
p1,1764666699.4530,3.434,-2.688,-37.51,34.82
p1,1764666709.2815,3.347,-8.674,-38.99,30.31
p1,1764666709.3035,3.365,-8.879,-37.22,28.34
p1,1764666709.4205,3.368,-9.599,-41.77,32.17
p1,1764666709.5525,3.365,-9.221,-37.55,28.32
G,1764666711,13.079326667,-16.769926667,20.8
C,1764666711.956,5,0
p1,1764666719.3807,3.484,-2.577,-30.56,27.97
p1,1764666719.4027,3.487,-2.507,-33.89,31.38
p1,1764666719.5200,3.49,-2.527,-43,40.47
p1,1764666719.6517,3.489,-2.574,-32.36,29.79
p1,1764666729.4802,3.419,-2.785,-38.21,35.42
p1,1764666729.5022,3.435,-2.75,-40.17,37.42
p1,1764666729.6195,3.464,-2.819,-38.2,35.38
p1,1764666729.7512,3.439,-3.16,-41.1,37.94
C,1764666731.958,4,0
S,1764666739.867,1,frequency,150.096,0,
S,1764666739.872,1,lna_gain,1,0,
S,1764666739.877,1,rf_filter,6,0,
S,1764666739.882,1,mixer_gain,1,0,
S,1764666739.888,1,if_filter,0,0,
S,1764666739.893,1,if_gain,0,0,
p1,1764666749.6792,3.46,-21.27,-61.51,40.24
p1,1764666749.7012,3.463,-21.18,-60.97,39.79
p1,1764666749.8184,3.465,-20.79,-50.95,30.16
p1,1764666749.9501,3.462,-20.6,-60.67,40.07
C,1764666751.956,5,0
p1,1764666759.7786,3.456,-20.68,-55.63,34.95
p1,1764666759.8006,3.459,-20.7,-53.33,32.63
p1,1764666759.9176,3.454,-20.72,-49.1,28.37
p1,1764666760.0496,3.458,-20.66,-53.09,32.43
p1,1764666769.8781,3.463,-6.247,-34.44,28.18
p1,1764666769.8999,3.461,-6.806,-35.1,28.29
p1,1764666770.0171,3.45,-13.16,-48.1,34.93
p1,1764666770.1489,3.447,-15.18,-43.23,28.05
G,1764666771,13.079395,-16.770023333,20.9
C,1764666771.959,4,0
