port, timestamp,snr,signal,noise,ms
S,1764415035.103,1,frequency,150.096,0,
S,1764415035.121,1,lna_gain,1,0,
S,1764415035.126,1,rf_filter,6,0,
S,1764415035.132,1,mixer_gain,1,0,
S,1764415035.138,1,if_filter,0,0,
S,1764415035.146,1,if_gain,0,0,
p1,1764415037.1092,-3.398,-59.55,-79.21,19.61
p1,1764415037.1312,3.391,-59.6,-79.17,19.52
p1,1764415037.2485,3.387,-60.09,-79.36,19.22
p1,1764415037.3802,3.385,-60.26,-79.47,19.16
p1,1764415047.2087,3.439,-71.77,-80.13,7.683
p1,1764415047.2308,3.418,-71.38,-80.2,8.207
p1,1764415047.3477,3.435,-73,-80.05,6.099
p1,1764415057.3083,3.469,-54.64,-79.54,24.88
p1,1764415057.3303,3.468,-55.17,-78.64,23.45
p1,1764415057.4475,3.473,-57,-78.99,21.96
p1,1764415057.5793,3.471,-53.87,-79.14,25.26
p1,1764415067.4078,3.456,-41.42,-73.18,31.75
p1,1764415067.4298,3.459,-41.5,-71.01,29.5
p1,1764415067.5468,3.453,-41.43,-70.97,29.53
p1,1764415067.5470,3.456,-44.06,-52.99,8.335
p1,1764415067.6785,3.458,-43.84,-52.98,8.577
p1,1764415067.6788,3.462,-41.12,-71.33,30.2
p1,1764415077.5073,3.259,-44.64,-71.95,27.31
p1,1764415077.5290,3.274,-44.65,-71.88,27.22
p1,1764415077.6463,3.262,-44.55,-76.7,32.14
p1,1764415077.7780,3.263,-44.59,-72.08,27.49
p1,1764415087.6066,3.37,-34.9,-65.13,30.22
p1,1764415087.6286,3.386,-34.89,-67.16,32.27
p1,1764415087.7458,3.378,-34.84,-72.77,37.93
p1,1764415087.8776,3.377,-35.08,-67.13,32.04
G,1764416165,13.079471667,-16.770138333,17.1
p1,1764415097.7061,3.449,-36.3,-70.83,34.53
p1,1764415097.7281,3.452,-36.26,-72.95,36.69
p1,1764415097.8453,3.452,-36.29,-70.56,34.27
p1,1764415097.9771,3.451,-36.29,-72.81,36.52
p1,1764415107.8056,3.437,-37.01,-75.22,38.21
p1,1764415107.8276,3.44,-37.04,-74.3,37.27
p1,1764415107.9449,3.439,-37.11,-66.87,29.75
p1,1764415108.0766,3.438,-37.05,-75.12,38.07
p1,1764415117.9051,3.455,-47.11,-78.34,31.23
p1,1764415117.9272,3.457,-47.18,-77.15,29.97
p1,1764415118.0441,3.454,-47.33,-74.16,26.82
p1,1764415118.1762,3.455,-47.29,-78.16,30.87
p1,1764415128.0047,3.458,-37.28,-69.3,32.02
p1,1764415128.0267,3.462,-38.01,-67.94,29.93
p1,1764415128.1437,3.455,-41.17,-71.43,30.26
p1,1764415128.2754,3.457,-43.71,-53.02,8.774
p1,1764415128.2757,3.462,-41.14,-70.81,29.67
p1,1764415138.1042,3.444,-54.22,-77.93,23.69
p1,1764415138.1259,3.442,-53.91,-77.45,23.52
p1,1764415138.1262,4.635,-64.69,-79.75,14.91
p1,1764415138.2432,3.459,-51.48,-78.93,27.45
p1,1764415138.3749,3.444,-50.75,-76.77,26.01
p1,1764415148.2035,3.303,-41.05,-70.57,29.51
p1,1764415148.2255,3.296,-39.48,-71.33,31.84
p1,1764415148.3427,3.406,-39.51,-76.37,36.86
p1,1764415148.4745,3.238,-41.18,-72.59,31.41
G,1764416225,13.079483333,-16.770141667,18.8
C,1764416238.898,-1,1071039
